Chromosome	Position
1	3381
1	3754
1	5673
1	7177
1	8078
1	9912
1	10825
1	11282
1	12775
1	13199
1	15993
1	16083
1	16730
1	17130
1	17400
1	17987
1	18682
1	21107
1	21540
1	21614
1	23237
1	25717
1	26221
1	28921
1	30127
1	31073
1	32193
1	32255
1	33157
1	34098
1	34395
1	35343
1	35568
1	39086
1	40002
1	40879
1	41529
1	41989
1	42631
1	43135
1	43633
1	46184
1	46205
1	47042
1	47236
1	47437
1	51213
1	51820
1	52033
1	52347
1	52776
1	52869
1	55203
1	57095
1	58155
1	59567
1	59784
1	60418
1	60964
1	62545
1	62557
1	66977
1	70341
1	70460
1	70697
1	71370
1	72103
1	72580
1	74900
1	75157
1	75985
1	76538
1	80514
1	83799
1	84501
1	84736
1	86428
1	90440
1	90501
1	91056
1	91260
1	91930
1	92188
1	93436
1	93826
1	95232
1	96341
1	97374
1	97878
1	98152
1	98652
1	98939
1	99256
1	99366
1	99758
1	104543
1	105771
1	107431
1	108680
1	108801
1	111346
1	111396
1	111621
1	113868
1	114176
1	114524
1	114634
1	115707
1	117181
1	117606
1	118301
1	120243
1	120511
1	120867
1	123531
1	124775
1	126223
1	126899
1	129710
1	130197
1	131576
1	132686
1	134202
1	134763
1	135956
1	136408
1	136433
1	136453
1	139273
1	139537
1	141116
1	142289
1	144784
1	146123
1	146541
1	146859
1	147038
1	147511
1	148140
1	148687
1	149909
1	151076
1	154785
1	156270
1	157065
1	157816
1	158028
1	158681
1	159930
1	159932
1	161490
1	162215
1	162744
1	163126
1	163266
1	163339
1	166741
1	166802
1	170153
1	171291
1	172370
1	172661
1	173081
1	174607
1	176499
1	177005
1	177761
1	178956
1	179640
1	180713
1	181876
1	182120
1	184468
1	186239
1	191115
1	192032
1	193886
1	196378
1	197060
1	198423
1	199828
1	199967
1	200784
1	201147
1	201962
1	205107
1	205650
1	205921
1	206168
1	207404
1	208081
1	211118
1	211232
1	212363
1	214213
1	215507
1	217307
1	218641
1	219309
1	220502
1	221257
1	221741
1	222244
1	223877
2	4015
2	4649
2	6609
2	8205
2	8351
2	9647
2	9934
2	12904
2	14414
2	17106
2	17258
2	21302
2	23090
2	23825
2	25519
2	27894
2	27956
2	28471
2	28622
2	29148
2	30241
2	30422
2	30443
2	31649
2	31936
2	33648
2	34141
2	35496
2	35825
2	36686
2	37652
2	39220
2	39814
2	41765
2	43387
2	43810
2	44708
2	49865
2	50179
2	51958
2	53036
2	53425
2	53459
2	54247
2	54668
2	56356
2	57613
2	57985
2	58070
2	58631
2	60449
2	60650
2	61199
2	61783
2	62318
2	63447
2	63874
2	64099
2	66538
2	68248
2	68774
2	69764
2	69819
2	71034
2	71735
2	73229
2	73310
2	77113
2	78379
2	78749
2	78899
2	78915
2	79611
2	81420
2	82781
2	84635
2	85352
2	86579
2	87235
2	87446
2	88034
2	88308
2	89845
2	90814
2	91032
2	92264
2	92349
2	93751
2	101263
2	101421
2	102218
2	105308
2	105461
2	106919
2	108060
2	109769
2	110386
2	111118
2	112465
2	112836
2	113997
2	114833
2	116234
2	116424
2	116711
2	118447
2	119196
2	119428
2	120553
2	123491
2	123508
2	131265
2	134382
2	135846
2	138803
2	139478
2	141881
2	145158
2	146482
2	150638
2	152508
2	154502
2	156932
2	157693
2	157890
2	159567
2	161028
2	162145
2	163104
2	163691
2	164170
2	165043
2	165828
2	165897
2	167473
2	168369
2	168565
2	169603
2	170507
2	170809
2	170919
2	172006
2	173299
2	173598
2	173818
2	174404
2	176039
2	179349
2	189119
2	189383
2	190960
2	191782
2	192027
2	194104
2	194500
2	194873
2	194930
2	195929
2	198553
2	199869
2	202634
2	205402
2	207691
2	211810
2	212536
2	213205
2	214186
2	214208
2	215025
2	216779
2	217140
2	217569
2	219340
2	219689
2	220385
2	220535
2	222029
2	222362
2	224532
2	227501
2	227998
2	228159
2	228302
2	228375
2	229929
2	232541
2	235462
2	238685
2	239322
2	240563
2	240886
2	241129
2	242175
2	242199
2	242652
2	246000
2	247107
2	247137
2	249816
2	250849
2	251065
2	251280
2	251702
2	252384
2	252428
2	252565
2	256294
2	258178
2	259128
2	260670
2	263366
2	263574
2	265121
2	266292
2	267062
2	268152
2	270880
2	272997
2	273087
2	273291
2	277074
2	277127
2	279657
2	282933
2	283431
2	285835
2	286299
2	286685
2	287494
2	287685
2	290999
2	292020
2	292682
2	293659
2	293705
2	297258
2	298006
2	299086
2	299229
2	299397
2	299840
2	301860
2	304718
2	308435
2	310255
2	310710
2	311186
2	312223
2	312641
2	313355
2	316210
2	316686
2	316782
2	317106
2	318793
2	320332
2	322899
2	323760
2	325016
2	326896
2	329871
2	330169
2	330265
2	332418
2	335110
2	336996
2	337144
2	337728
2	337755
2	339127
2	341101
2	342648
2	345370
2	345970
2	346181
2	348419
2	348654
2	349851
2	349979
2	350267
2	350411
2	350979
2	351385
2	351790
2	351911
2	352116
2	352262
2	352446
2	352459
2	352698
2	353255
2	354468
2	356865
2	357139
2	359344
2	361915
2	362200
2	363772
2	364041
2	368536
2	371836
2	372611
2	373268
2	374092
2	374800
2	375398
2	375442
2	376559
2	376801
2	377846
2	378100
2	378255
2	380026
2	380822
2	380916
2	381325
2	383599
2	385809
2	385993
2	386137
2	386138
2	387454
2	389610
2	391892
2	392193
2	392874
2	395385
2	396540
2	398172
2	398265
2	400093
2	400441
2	400662
2	404311
2	407789
2	408104
2	410506
2	411182
2	411359
2	413563
2	413630
2	414772
2	417679
2	418527
2	418676
2	418792
2	419567
2	419730
2	420987
2	423052
2	424027
2	424237
2	426068
2	427590
2	429117
2	429464
2	431341
2	431477
2	431938
2	434256
2	434811
2	435151
2	436207
2	436312
2	438191
2	440626
2	441177
2	444191
2	444705
2	445114
2	446532
2	446564
2	446970
2	447031
2	447283
2	447514
2	448710
2	449615
2	449663
2	449720
2	452075
2	456356
2	457354
2	457783
2	458624
2	459008
2	461397
2	461521
2	464702
2	464842
2	465110
2	468322
2	470823
2	471155
2	471186
2	472873
2	472991
2	473115
2	473953
2	475129
2	475269
2	478650
2	478953
2	479650
2	481143
2	482462
2	482582
2	482863
2	485467
2	486490
2	488524
2	490319
2	491621
2	494551
2	494771
2	497190
2	499576
2	499779
2	500230
2	500818
2	500940
2	501312
2	501602
2	502207
2	502260
2	503181
2	504364
2	504850
2	506236
2	506376
2	506487
2	506781
2	506999
2	507862
2	508637
2	510050
2	512014
2	512754
2	513100
2	513511
2	513741
2	514529
2	514944
2	516133
2	516267
2	517261
2	520907
2	522056
2	523802
2	524004
2	525046
2	525603
2	526658
2	526869
2	530023
2	533411
2	533655
2	534019
2	534931
2	535426
2	536129
2	536445
2	536507
2	536571
2	536602
2	539140
2	540628
2	542252
2	542731
2	543320
2	543327
2	544815
2	546821
2	548696
2	552191
2	552940
2	554516
2	554808
2	556058
2	557335
2	561754
2	562880
2	564566
2	564646
2	567231
2	567645
2	570101
2	570830
2	571133
2	574051
2	574064
2	574544
2	575152
2	575206
2	579297
2	580031
2	580308
2	580335
2	580572
2	584393
2	585304
2	585881
2	587355
2	588487
2	591118
2	592842
2	593357
2	594507
2	594918
2	596793
2	596969
2	597805
2	602773
2	602942
2	603076
2	603550
2	604083
2	605560
2	606506
2	606699
2	607835
2	608564
2	610801
2	611936
2	613439
2	614617
2	614900
2	615460
2	617806
2	619270
2	619758
2	622463
2	625504
2	625583
2	626538
2	628164
2	630140
2	632023
2	632282
2	632651
2	635932
2	636047
2	637612
2	639560
2	640974
2	641068
2	641378
2	642357
2	642875
2	644377
2	644691
2	649256
2	649273
2	649949
2	652365
2	653025
2	654198
2	655061
2	656703
2	657089
2	657152
2	658345
2	658892
2	662724
2	662899
2	664175
2	664447
2	666068
2	666820
2	667037
2	670572
2	670700
2	671045
2	671261
2	673203
2	676219
2	680526
2	680560
2	682405
2	683126
2	685610
2	685846
2	686615
2	686868
2	687059
2	687702
2	688033
2	688289
2	688763
2	688821
2	689600
2	693211
2	697379
2	698166
2	698596
2	699928
2	700658
2	700983
2	701207
2	701518
2	702313
2	702801
2	702931
2	703220
2	704307
2	704943
2	705090
2	706363
2	706904
2	708869
2	709212
2	709494
2	712857
2	715131
2	715695
2	715741
2	716295
2	718182
2	719875
2	720655
2	722165
2	724133
2	724401
2	726697
2	726998
2	727485
2	727605
2	730026
2	731701
2	732756
2	733064
2	733164
2	735663
2	736168
2	737581
2	739534
2	740159
2	740673
2	745105
2	747515
2	747724
2	747796
2	748562
2	749123
2	751238
2	751445
2	752889
2	752928
2	753699
2	758595
2	758647
2	759720
2	759791
2	761158
2	761400
2	763613
2	764482
2	765284
2	765539
2	767082
2	767504
2	767956
2	768403
2	770217
2	772197
2	772271
2	772746
2	772795
2	772978
2	773432
2	776197
2	776310
2	776864
2	778567
2	779510
2	780476
2	781718
2	784805
2	785618
2	785757
2	785874
2	787370
2	787634
2	789242
2	790077
2	792794
2	793248
2	795671
2	797028
2	798462
2	798501
2	800162
2	800439
2	801013
2	801901
2	803215
2	805655
2	806384
2	806719
2	806980
2	809029
2	809423
2	810126
3	3130
3	3623
3	4719
3	6101
3	6117
3	9207
3	9654
3	10642
3	13038
3	15386
3	20946
3	21467
3	23255
3	23582
3	24903
3	26551
3	27116
3	27558
3	29035
3	30438
3	30797
3	30920
3	30959
3	31627
3	32314
3	33290
3	36134
3	36269
3	38303
3	39033
3	39361
3	39795
3	39876
3	43368
3	44044
3	45378
3	46134
3	47730
3	49809
3	49825
3	50272
3	52430
3	54507
3	55923
3	56465
3	58753
3	58764
3	60370
3	61133
3	61676
3	64249
3	65107
3	65172
3	66208
3	66540
3	71182
3	71863
3	73608
3	80095
3	84133
3	85578
3	86438
3	87245
3	89833
3	90743
3	91047
3	94973
3	97075
3	98008
3	100628
3	100866
3	101154
3	102006
3	102972
3	103031
3	103906
3	106695
3	106898
3	108642
3	108796
3	110382
3	111305
3	111587
3	111858
3	112351
3	113288
3	113561
3	113644
3	114897
3	115779
3	117776
3	120331
3	120362
3	121356
3	123080
3	124588
3	125851
3	127758
3	128113
3	128206
3	128412
3	128509
3	129472
3	129497
3	133039
3	134627
3	135878
3	136289
3	137731
3	138033
3	138763
3	139363
3	140221
3	141000
3	144080
3	145365
3	148898
3	149421
3	150537
3	151752
3	152031
3	152793
3	153177
3	154658
3	156056
3	156620
3	157079
3	158862
3	159923
3	162239
3	164375
3	164711
3	165560
3	165603
3	166337
3	167591
3	170214
3	170235
3	170997
3	172091
3	173223
3	175513
3	176497
3	176557
3	177542
3	181967
3	183331
3	183366
3	184185
3	186965
3	187158
3	187210
3	191576
3	192588
3	193954
3	194201
3	195613
3	196195
3	198459
3	199121
3	199698
3	202302
3	202486
3	203137
3	203735
3	205958
3	206463
3	207302
3	208180
3	208408
3	209821
3	210424
3	211975
3	213368
3	215088
3	215807
3	216097
3	219299
3	221047
3	221156
3	224118
3	224829
3	226005
3	228703
3	228761
3	228771
3	231172
3	231273
3	232445
3	234003
3	234246
3	236838
3	237353
3	237360
3	238660
3	242165
3	242599
3	243105
3	243365
3	243879
3	245662
3	246338
3	248576
3	249764
3	249974
3	250214
3	250383
3	252544
3	253015
3	253229
3	253469
3	253914
3	254785
3	256805
3	258623
3	258828
3	260875
3	261858
3	262319
3	262366
3	263333
3	263469
3	263974
3	264226
3	264881
3	265648
3	267595
3	267922
3	268850
3	270226
3	271516
3	271902
3	272208
3	272566
3	272899
3	273417
3	275927
3	276289
3	276317
3	276416
3	276905
3	277874
3	279404
3	279681
3	280737
3	281455
3	282324
3	284986
3	286258
3	286951
3	288417
3	289834
3	290237
3	291263
3	291880
3	293334
3	293825
3	293985
3	294603
3	295201
3	296271
3	296363
3	297311
3	297381
3	299100
3	299165
3	299474
3	301859
3	302755
3	303809
3	308204
3	308386
3	309145
3	309471
3	310681
3	310924
3	310988
3	311203
3	311574
3	311948
3	312969
3	313405
4	3051
4	6074
4	6927
4	7431
4	7997
4	9934
4	10202
4	10328
4	11708
4	12897
4	12932
4	13155
4	14084
4	17386
4	17840
4	18337
4	20468
4	21143
4	21878
4	21960
4	22682
4	25986
4	26278
4	26813
4	28343
4	29086
4	29136
4	30671
4	30795
4	30873
4	33217
4	34019
4	34065
4	34533
4	38228
4	38590
4	42398
4	43199
4	47962
4	50302
4	51661
4	51775
4	52323
4	52355
4	52482
4	53433
4	54348
4	54355
4	54891
4	56050
4	58680
4	61277
4	61738
4	65578
4	67479
4	68761
4	71544
4	71777
4	72965
4	73945
4	75071
4	75460
4	78469
4	78540
4	79905
4	82881
4	87242
4	89943
4	90330
4	92593
4	92874
4	93006
4	94502
4	94628
4	95132
4	95378
4	95456
4	98787
4	100225
4	101845
4	103749
4	105477
4	106451
4	106873
4	107562
4	108292
4	110286
4	114089
4	114587
4	115128
4	115847
4	119165
4	119531
4	120949
4	121374
4	126081
4	126868
4	131782
4	138860
4	139101
4	141771
4	141862
4	144073
4	144813
4	144831
4	148326
4	150359
4	150717
4	150917
4	151177
4	154100
4	154306
4	154654
4	156401
4	157380
4	157605
4	158352
4	162148
4	162206
4	164111
4	164683
4	170058
4	173596
4	174053
4	174520
4	175526
4	179108
4	179179
4	179410
4	179763
4	179871
4	180695
4	182498
4	182566
4	183373
4	184071
4	184117
4	188830
4	189149
4	189839
4	190094
4	192597
4	194365
4	195237
4	199628
4	205020
4	206542
4	206960
4	208042
4	209332
4	210108
4	210911
4	212132
4	212193
4	213609
4	214221
4	214332
4	215568
4	216233
4	218189
4	219281
4	219753
4	220210
4	222042
4	222756
4	223561
4	223991
4	224934
4	227837
4	229113
4	230692
4	231716
4	233215
4	235585
4	235663
4	236917
4	238466
4	240276
4	242524
4	242807
4	243918
4	244843
4	246408
4	246759
4	246780
4	247728
4	250220
4	250724
4	253412
4	256760
4	258256
4	258618
4	259581
4	261266
4	262489
4	262604
4	262719
4	263296
4	264275
4	267705
4	268915
4	269169
4	269579
4	272292
4	276443
4	279575
4	280018
4	281448
4	281665
4	282738
4	282938
4	284524
4	288572
4	289566
4	289824
4	290980
4	291759
4	292367
4	293277
4	296571
4	297652
4	297981
4	298025
4	300697
4	303743
4	303820
4	304017
4	305305
4	306042
4	307711
4	308503
4	309698
4	310244
4	311327
4	313509
4	314338
4	314384
4	316697
4	320102
4	320137
4	320554
4	321888
4	322296
4	323804
4	324834
4	325386
4	326703
4	328463
4	329737
4	329979
4	330388
4	331453
4	332089
4	332980
4	334804
4	337278
4	337901
4	340480
4	341184
4	344242
4	345448
4	345682
4	348310
4	348517
4	348695
4	352458
4	352792
4	354362
4	354817
4	355190
4	357794
4	360819
4	361185
4	366659
4	367362
4	367614
4	367644
4	369137
4	369946
4	370933
4	371292
4	371967
4	372997
4	374314
4	374721
4	375126
4	377609
4	378118
4	384918
4	387550
4	387726
4	389072
4	389478
4	391354
4	391553
4	396060
4	397233
4	397923
4	398373
4	399028
4	400526
4	405532
4	406285
4	408929
4	409892
4	410806
4	412390
4	412787
4	412979
4	413137
4	413985
4	414483
4	414769
4	415631
4	416390
4	418239
4	419432
4	421148
4	421714
4	423118
4	423592
4	428057
4	429435
4	429554
4	430753
4	430837
4	431832
4	434634
4	434914
4	439815
4	442069
4	442768
4	443835
4	444075
4	445561
4	445793
4	448767
4	448806
4	448846
4	448988
4	450038
4	450134
4	452020
4	453655
4	453869
4	459776
4	460831
4	461875
4	467289
4	467414
4	467496
4	469508
4	469899
4	470630
4	471686
4	472284
4	472642
4	473012
4	473500
4	473539
4	475636
4	476195
4	477200
4	478296
4	479191
4	479430
4	480784
4	480996
4	482389
4	482393
4	482830
4	484245
4	484497
4	484918
4	486381
4	487723
4	488755
4	490733
4	493215
4	496003
4	497344
4	498145
4	499620
4	500609
4	500974
4	501628
4	501869
4	502365
4	504041
4	504205
4	504578
4	504924
4	507812
4	508605
4	509364
4	509695
4	513055
4	513318
4	513588
4	513694
4	514390
4	515026
4	516455
4	517869
4	519456
4	519492
4	521415
4	521943
4	522121
4	522213
4	523643
4	523655
4	524449
4	524860
4	525887
4	526244
4	526614
4	527622
4	530932
4	531038
4	531363
4	533418
4	533931
4	534254
4	536363
4	537128
4	537495
4	537503
4	537951
4	537998
4	540734
4	541174
4	541430
4	544394
4	544721
4	545766
4	546530
4	549535
4	549761
4	549900
4	554545
4	555621
4	557590
4	557643
4	558671
4	559017
4	559206
4	560169
4	562382
4	562851
4	563998
4	564174
4	564863
4	565560
4	566207
4	573775
4	576079
4	579044
4	580551
4	580660
4	581723
4	582141
4	582478
4	583893
4	584493
4	584497
4	586325
4	586976
4	587572
4	587825
4	587987
4	590438
4	591504
4	592136
4	594834
4	595075
4	596718
4	597185
4	598233
4	600589
4	601371
4	601642
4	602664
4	604505
4	604976
4	608091
4	608210
4	608577
4	609244
4	610111
4	613071
4	613875
4	614199
4	614515
4	614776
4	615682
4	616232
4	616856
4	617706
4	617952
4	620011
4	622334
4	623221
4	624135
4	624201
4	624535
4	624588
4	628496
4	629084
4	630836
4	633302
4	633551
4	634207
4	634590
4	636484
4	637557
4	640935
4	643197
4	643330
4	643569
4	643707
4	643786
4	645497
4	648200
4	649140
4	649690
4	649764
4	650066
4	650560
4	651101
4	651111
4	651832
4	652607
4	654500
4	655057
4	655834
4	656074
4	656857
4	659557
4	659757
4	661399
4	661469
4	661891
4	662491
4	664026
4	664934
4	666636
4	668398
4	671317
4	671533
4	671563
4	672091
4	673934
4	674106
4	675438
4	679025
4	679216
4	680258
4	680347
4	681114
4	681255
4	681670
4	681744
4	682499
4	682804
4	683393
4	685659
4	685807
4	687318
4	688945
4	689278
4	691564
4	691959
4	695546
4	696654
4	697315
4	697362
4	702447
4	702821
4	704301
4	709146
4	710082
4	710617
4	711221
4	711429
4	712284
4	712321
4	715445
4	716605
4	716741
4	718023
4	719722
4	719789
4	719972
4	720143
4	721686
4	724549
4	725291
4	725703
4	726234
4	727855
4	728798
4	729751
4	729928
4	731387
4	732405
4	733309
4	733771
4	734234
4	735121
4	735366
4	740964
4	744315
4	744525
4	745136
4	745851
4	746044
4	746512
4	746853
4	748462
4	748704
4	752990
4	755348
4	755777
4	756496
4	756583
4	757153
4	757341
4	757726
4	760190
4	760967
4	761064
4	761786
4	763115
4	765343
4	767556
4	767803
4	769783
4	770268
4	771110
4	771443
4	773647
4	774843
4	779685
4	780899
4	781610
4	784444
4	785193
4	786378
4	786852
4	791130
4	791388
4	792730
4	792774
4	793104
4	793786
4	794077
4	794188
4	797429
4	797897
4	799551
4	801023
4	801389
4	802616
4	807481
4	809090
4	809198
4	812666
4	816110
4	820155
4	821310
4	821384
4	822712
4	823571
4	823573
4	824157
4	824523
4	825238
4	826313
4	826611
4	828814
4	829737
4	830027
4	830933
4	831005
4	832037
4	832325
4	832482
4	832855
4	834202
4	835204
4	836693
4	838415
4	840510
4	842339
4	842884
4	842894
4	843304
4	843457
4	844179
4	845505
4	846999
4	847980
4	852361
4	855494
4	857068
4	858371
4	858734
4	858766
4	860647
4	862260
4	863445
4	863618
4	864047
4	864347
4	865323
4	865855
4	866106
4	866289
4	867534
4	867788
4	868202
4	873568
4	877325
4	878963
4	880179
4	881739
4	884036
4	889197
4	891199
4	892940
4	894625
4	895948
4	897053
4	901549
4	902254
4	902611
4	903054
4	904797
4	905303
4	906497
4	906711
4	906793
4	909238
4	909330
4	910177
4	912200
4	912709
4	913619
4	916577
4	918621
4	920057
4	921390
4	923925
4	924423
4	926892
4	929054
4	929485
4	930003
4	930125
4	931684
4	932420
4	932429
4	934061
4	934327
4	937001
4	937753
4	939297
4	939922
4	940720
4	940998
4	944193
4	946597
4	948154
4	949042
4	951506
4	957332
4	960485
4	961963
4	962027
4	963602
4	964076
4	964273
4	964847
4	966032
4	968116
4	968604
4	970026
4	972210
4	972835
4	974147
4	974402
4	975278
4	977116
4	977363
4	979734
4	980147
4	981020
4	981214
4	982896
4	985194
4	985371
4	986126
4	986476
4	987346
4	987480
4	987686
4	988607
4	989053
4	989988
4	990187
4	992072
4	993162
4	994047
4	994096
4	995578
4	995777
4	997074
4	997476
4	998624
4	999832
4	999834
4	1000529
4	1001308
4	1002887
4	1004849
4	1007196
4	1010049
4	1013201
4	1016141
4	1016249
4	1016775
4	1018020
4	1019616
4	1021461
4	1021703
4	1027023
4	1027100
4	1030879
4	1030975
4	1031559
4	1031975
4	1032732
4	1032976
4	1033122
4	1033207
4	1035701
4	1036954
4	1037753
4	1038060
4	1040038
4	1043448
4	1044326
4	1047041
4	1053314
4	1053386
4	1053706
4	1055269
4	1055480
4	1056279
4	1058073
4	1058521
4	1059443
4	1060960
4	1062564
4	1065497
4	1068896
4	1070966
4	1071347
4	1073396
4	1075416
4	1076101
4	1076203
4	1076632
4	1080850
4	1081896
4	1085627
4	1087921
4	1087944
4	1088421
4	1088990
4	1092641
4	1094225
4	1094495
4	1095402
4	1095454
4	1103913
4	1110558
4	1110863
4	1111054
4	1111689
4	1112066
4	1114612
4	1114951
4	1119322
4	1121255
4	1122485
4	1123773
4	1125891
4	1127295
4	1127639
4	1127844
4	1128492
4	1128775
4	1129003
4	1129098
4	1129904
4	1130354
4	1130920
4	1131785
4	1133838
4	1136373
4	1136440
4	1136674
4	1136686
4	1136950
4	1138797
4	1138879
4	1139334
4	1141208
4	1143298
4	1145414
4	1148668
4	1151466
4	1151667
4	1152302
4	1152510
4	1153981
4	1155110
4	1156448
4	1156608
4	1157349
4	1158590
4	1159565
4	1160015
4	1160657
4	1163127
4	1163568
4	1163870
4	1167110
4	1172004
4	1172144
4	1174100
4	1174965
4	1175099
4	1175414
4	1176076
4	1177979
4	1178358
4	1178468
4	1179308
4	1181302
4	1185420
4	1192125
4	1193218
4	1198041
4	1198194
4	1198612
4	1198879
4	1199541
4	1200026
4	1200271
4	1200397
4	1201045
4	1201048
4	1202130
4	1202448
4	1204134
4	1205417
4	1205596
4	1205771
4	1205958
4	1206766
4	1207515
4	1208378
4	1209097
4	1209550
4	1209664
4	1210770
4	1211178
4	1215153
4	1215650
4	1217893
4	1218219
4	1219597
4	1219621
4	1220465
4	1224011
4	1226175
4	1226336
4	1226858
4	1227169
4	1227207
4	1228378
4	1229095
4	1229629
4	1230618
4	1231197
4	1231858
4	1232149
4	1232192
4	1233135
4	1233408
4	1234095
4	1234630
4	1235632
4	1238794
4	1241065
4	1241137
4	1244330
4	1244521
4	1245791
4	1246269
4	1246707
4	1247317
4	1248451
4	1251157
4	1251587
4	1251637
4	1252744
4	1255594
4	1255894
4	1256178
4	1257828
4	1261151
4	1262866
4	1263104
4	1268154
4	1268686
4	1270783
4	1273620
4	1275168
4	1279834
4	1280209
4	1283409
4	1283447
4	1284102
4	1284293
4	1284583
4	1285124
4	1285938
4	1288224
4	1288610
4	1291795
4	1292177
4	1293117
4	1294150
4	1294665
4	1295562
4	1296637
4	1297943
4	1298215
4	1298401
4	1298496
4	1300617
4	1304772
4	1305983
4	1306215
4	1306605
4	1307228
4	1308325
4	1308330
4	1310231
4	1311089
4	1318239
4	1322111
4	1323975
4	1324606
4	1325995
4	1328908
4	1329410
4	1330527
4	1333715
4	1334032
4	1335470
4	1335840
4	1336489
4	1337911
4	1339109
4	1339819
4	1341142
4	1343354
4	1343845
4	1344242
4	1345096
4	1346326
4	1346713
4	1347991
4	1348378
4	1349951
4	1350345
4	1350954
4	1352992
4	1353757
4	1354926
4	1358526
4	1358851
4	1359543
4	1360825
4	1360896
4	1364714
4	1365507
4	1370927
4	1372348
4	1372568
4	1373528
4	1373918
4	1374404
4	1377588
4	1380613
4	1382531
4	1383110
4	1383436
4	1385536
4	1388134
4	1388515
4	1388546
4	1389374
4	1389671
4	1389971
4	1390338
4	1391255
4	1392799
4	1392871
4	1392898
4	1395310
4	1396901
4	1399973
4	1401132
4	1401558
4	1401830
4	1402728
4	1403664
4	1405839
4	1407156
4	1407873
4	1407878
4	1408872
4	1409207
4	1411657
4	1411724
4	1411819
4	1412207
4	1412733
4	1414401
4	1414822
4	1415851
4	1417970
4	1418899
4	1419228
4	1420628
4	1421940
4	1421976
4	1421997
4	1422161
4	1423698
4	1424735
4	1425239
4	1426987
4	1427735
4	1427932
4	1429063
4	1431407
4	1431433
4	1435743
4	1436011
4	1438632
4	1439885
4	1440155
4	1440980
4	1442684
4	1446765
4	1447883
4	1449994
4	1450204
4	1450509
4	1451647
4	1455310
4	1455944
4	1459269
4	1459430
4	1462597
4	1463256
4	1465423
4	1465677
4	1468464
4	1470058
4	1474566
4	1474971
4	1475044
4	1475088
4	1476284
4	1477594
4	1478336
4	1479606
4	1479679
4	1482033
4	1482391
4	1485416
4	1486016
4	1487212
4	1487996
4	1488505
4	1488656
4	1489270
4	1489407
4	1489855
4	1491505
4	1491627
4	1491642
4	1495259
4	1496396
4	1498910
4	1502434
4	1502745
4	1509178
4	1509401
4	1509640
4	1510354
4	1511090
4	1512628
4	1513116
4	1514399
4	1515264
4	1515570
4	1517303
4	1518932
4	1518966
4	1519431
4	1519895
4	1521333
4	1521725
4	1521852
4	1523391
4	1525718
4	1528678
5	4076
5	4854
5	5149
5	5538
5	6918
5	7637
5	8508
5	10797
5	11421
5	14172
5	14585
5	14920
5	16747
5	17855
5	17906
5	19229
5	20144
5	20684
5	20964
5	24517
5	27523
5	28535
5	29666
5	30014
5	30148
5	34198
5	34326
5	34962
5	35085
5	37805
5	38539
5	39628
5	41105
5	43507
5	43691
5	43851
5	44233
5	44546
5	44960
5	46343
5	47685
5	48432
5	48775
5	48845
5	50555
5	55299
5	56336
5	56368
5	57398
5	58020
5	60260
5	62059
5	63085
5	65331
5	71165
5	71596
5	73313
5	73797
5	76392
5	76759
5	76955
5	79019
5	79250
5	82468
5	83130
5	85018
5	85548
5	85555
5	85727
5	86633
5	86719
5	90253
5	91626
5	93574
5	93715
5	96505
5	101292
5	102707
5	104047
5	106635
5	107946
5	109222
5	110051
5	111623
5	112777
5	115775
5	117061
5	117083
5	120154
5	121875
5	122856
5	122948
5	124680
5	125179
5	125719
5	126002
5	127708
5	128339
5	129414
5	130077
5	130631
5	132254
5	132349
5	132406
5	134167
5	136971
5	138216
5	142837
5	147451
5	147875
5	148758
5	149358
5	149617
5	149747
5	150519
5	151056
5	152218
5	158332
5	158391
5	159572
5	159801
5	164596
5	165562
5	165972
5	169377
5	170134
5	170997
5	171094
5	171145
5	171507
5	171658
5	171949
5	172392
5	173885
5	178066
5	178336
5	179712
5	180057
5	181549
5	183206
5	184157
5	196740
5	198338
5	198521
5	201654
5	203035
5	204249
5	204260
5	204825
5	205552
5	206898
5	207854
5	207943
5	208029
5	209982
5	210717
5	210872
5	211043
5	213122
5	213161
5	214328
5	216175
5	217579
5	217653
5	218360
5	218730
5	219306
5	221150
5	221702
5	223507
5	223550
5	225348
5	225758
5	229359
5	231944
5	238307
5	238653
5	239062
5	241715
5	241855
5	243200
5	243476
5	243759
5	243980
5	244791
5	246261
5	246264
5	247075
5	247141
5	247964
5	248968
5	249651
5	250502
5	250877
5	251394
5	253845
5	255411
5	255783
5	255906
5	256641
5	258098
5	259580
5	262195
5	262756
5	262820
5	262895
5	264505
5	264812
5	265448
5	266503
5	270588
5	271154
5	272129
5	272368
5	272745
5	273011
5	275243
5	275870
5	277769
5	278329
5	280217
5	280479
5	280494
5	282102
5	282384
5	283521
5	283747
5	284320
5	285523
5	285664
5	285995
5	287442
5	287879
5	289761
5	290064
5	291675
5	291816
5	292495
5	293044
5	293681
5	294266
5	295049
5	299022
5	299035
5	300162
5	300412
5	301775
5	302257
5	303023
5	304181
5	305499
5	307751
5	309295
5	310102
5	311598
5	312163
5	313397
5	317921
5	319415
5	322323
5	323449
5	325646
5	326051
5	326122
5	327135
5	327769
5	327929
5	328057
5	328171
5	333727
5	334014
5	335168
5	335199
5	337502
5	338578
5	338856
5	342184
5	348878
5	350202
5	351377
5	353751
5	353925
5	354066
5	354952
5	355038
5	355550
5	356762
5	357491
5	362347
5	366295
5	371158
5	372682
5	372784
5	373123
5	373506
5	373605
5	375309
5	376670
5	377846
5	378385
5	378905
5	379333
5	380185
5	383495
5	383907
5	387398
5	388057
5	388707
5	389786
5	393482
5	393733
5	395274
5	395960
5	396033
5	396127
5	401864
5	402999
5	403256
5	404722
5	405225
5	405405
5	405802
5	406524
5	407605
5	408312
5	409270
5	410433
5	410553
5	411437
5	413337
5	414500
5	414963
5	415401
5	419149
5	420151
5	420599
5	421872
5	423478
5	424187
5	424502
5	425901
5	426910
5	427702
5	428919
5	429049
5	430877
5	431606
5	434158
5	435014
5	435131
5	435653
5	439987
5	440880
5	441318
5	441938
5	442487
5	442527
5	443855
5	445548
5	447303
5	449206
5	449443
5	450661
5	451459
5	453094
5	453669
5	453780
5	454031
5	456671
5	457786
5	457838
5	458570
5	460052
5	460146
5	460150
5	460470
5	461383
5	466525
5	467338
5	467448
5	468921
5	469656
5	470075
5	470226
5	471935
5	474142
5	474350
5	475038
5	475207
5	476632
5	477203
5	478328
5	479381
5	480385
5	482172
5	483092
5	484004
5	484523
5	488182
5	488455
5	488531
5	493088
5	493872
5	494934
5	495122
5	496470
5	496754
5	496774
5	496957
5	501904
5	502180
5	503507
5	504406
5	504637
5	504661
5	506168
5	506523
5	512012
5	514884
5	516163
5	517181
5	518065
5	518226
5	518599
5	519637
5	520674
5	520938
5	522619
5	523234
5	524735
5	525501
5	526738
5	529043
5	529497
5	529739
5	531302
5	531416
5	531810
5	533542
5	534317
5	535189
5	537185
5	539035
5	539475
5	542608
5	542778
5	544851
5	546186
5	547832
5	548711
5	549562
5	550070
5	550418
5	550736
5	551415
5	553713
5	553868
5	554253
5	555229
5	556752
5	556863
5	558249
5	559006
5	559211
5	560232
5	560574
5	561848
5	562258
5	562895
5	564921
5	565417
5	565610
5	570500
5	571043
5	571768
5	572999
6	5050
6	8512
6	8527
6	9187
6	9636
6	9976
6	11577
6	12114
6	13013
6	13363
6	14663
6	15141
6	16564
6	17246
6	17341
6	17983
6	19032
6	20699
6	22150
6	22946
6	25618
6	26847
6	26886
6	28858
6	28890
6	29903
6	30529
6	30648
6	31597
6	34653
6	34781
6	35181
6	38030
6	40335
6	46288
6	47517
6	47776
6	48183
6	48246
6	50919
6	52194
6	52330
6	54683
6	54949
6	56697
6	59900
6	62637
6	64505
6	64581
6	65622
6	65723
6	67957
6	68067
6	69172
6	69350
6	70898
6	71728
6	73927
6	75611
6	76124
6	77018
6	77024
6	77153
6	78591
6	80002
6	81381
6	81405
6	84912
6	86367
6	87689
6	88538
6	90191
6	90478
6	92635
6	93048
6	93911
6	94607
6	95527
6	96911
6	97150
6	98162
6	100198
6	100207
6	101630
6	104238
6	104503
6	105501
6	106674
6	106832
6	106889
6	107433
6	108084
6	108236
6	108647
6	109014
6	110065
6	110656
6	111672
6	111702
6	113923
6	114057
6	114979
6	115000
6	115074
6	115797
6	116069
6	116725
6	118442
6	119471
6	119889
6	121229
6	121965
6	122235
6	122776
6	128276
6	129140
6	129689
6	130549
6	137029
6	139086
6	140761
6	141744
6	141840
6	142218
6	143482
6	143675
6	143864
6	144779
6	145895
6	146919
6	147958
6	150096
6	151025
6	151535
6	152925
6	153037
6	153826
6	156231
6	156713
6	156950
6	157206
6	158194
6	158483
6	159275
6	159375
6	159408
6	159410
6	162029
6	162335
6	164671
6	165077
6	167981
6	168348
6	170105
6	170678
6	171952
6	172282
6	174817
6	175201
6	176525
6	178375
6	179440
6	181414
6	185536
6	186905
6	188149
6	188596
6	190900
6	194601
6	195306
6	195939
6	197223
6	197785
6	199827
6	200428
6	202225
6	202450
6	203665
6	204146
6	204199
6	204794
6	207095
6	207239
6	208838
6	209285
6	210148
6	210372
6	211262
6	211798
6	212321
6	213642
6	213873
6	214033
6	216169
6	217439
6	217770
6	218952
6	219618
6	220038
6	223052
6	223512
6	224599
6	225189
6	226391
6	228890
6	230630
6	230688
6	233834
6	240216
6	241772
6	242423
6	244713
6	247052
6	248999
6	249978
6	251020
6	251347
6	253252
6	253275
6	254580
6	256869
6	257740
6	258460
6	260065
6	261161
6	261323
6	265059
6	265242
6	266559
6	266636
7	7059
7	7510
7	8424
7	10340
7	10998
7	13390
7	16595
7	17116
7	17416
7	17803
7	19041
7	19896
7	21456
7	21958
7	23112
7	23385
7	23777
7	24872
7	25381
7	26282
7	28476
7	29363
7	30790
7	31128
7	32705
7	35819
7	36534
7	39338
7	39661
7	41146
7	41562
7	44700
7	46524
7	48405
7	48624
7	49178
7	52083
7	52908
7	52975
7	54851
7	54888
7	54931
7	57132
7	57157
7	60121
7	61986
7	62213
7	62254
7	62684
7	62905
7	67372
7	67836
7	69072
7	69493
7	73598
7	74393
7	81475
7	81535
7	84372
7	84459
7	84946
7	87295
7	87673
7	87766
7	88792
7	89828
7	92005
7	95769
7	97915
7	98398
7	99162
7	101624
7	102542
7	102751
7	105704
7	105905
7	107811
7	109755
7	113527
7	115138
7	116076
7	116553
7	116983
7	119190
7	119502
7	119830
7	120235
7	120305
7	122807
7	123222
7	124669
7	124943
7	126332
7	126996
7	127426
7	129030
7	130481
7	130935
7	134209
7	134438
7	134472
7	134790
7	135000
7	138846
7	140990
7	141274
7	141522
7	141685
7	142882
7	144675
7	145291
7	146915
7	147483
7	149124
7	151779
7	151800
7	152586
7	154204
7	155322
7	158098
7	158144
7	159303
7	159691
7	160556
7	160707
7	162589
7	163210
7	164065
7	164969
7	164974
7	165806
7	170883
7	173046
7	174174
7	176303
7	178108
7	179400
7	179553
7	185633
7	185745
7	186393
7	187615
7	187833
7	187928
7	189231
7	189387
7	190635
7	192227
7	192274
7	193227
7	194561
7	196989
7	197727
7	197939
7	198906
7	201478
7	202752
7	203638
7	205382
7	207001
7	208212
7	208412
7	210574
7	211564
7	213697
7	215036
7	216121
7	219014
7	219198
7	220059
7	221015
7	223194
7	223352
7	225611
7	227842
7	227956
7	233476
7	233837
7	234356
7	234867
7	235842
7	238596
7	238939
7	239084
7	242103
7	244733
7	246194
7	248736
7	249084
7	249676
7	250019
7	250113
7	253804
7	255044
7	255130
7	255432
7	258497
7	258710
7	259239
7	259339
7	261290
7	262002
7	262925
7	263139
7	263832
7	268309
7	268833
7	271472
7	273173
7	278293
7	278454
7	279906
7	279913
7	281860
7	282744
7	283982
7	285653
7	286102
7	287375
7	288272
7	289038
7	289353
7	289390
7	292758
7	293061
7	293406
7	294880
7	295076
7	295648
7	299797
7	301981
7	302557
7	305663
7	305718
7	306178
7	306510
7	307822
7	307920
7	308183
7	308631
7	309991
7	311346
7	313427
7	313896
7	314550
7	314741
7	315153
7	317660
7	320216
7	320547
7	321962
7	322023
7	322086
7	324060
7	324219
7	324412
7	324627
7	325205
7	330980
7	334591
7	337426
7	338091
7	338202
7	338998
7	340386
7	340465
7	341108
7	341418
7	341576
7	344995
7	345216
7	348227
7	351013
7	351715
7	352673
7	352826
7	353347
7	353650
7	357137
7	359512
7	359969
7	360342
7	361184
7	361404
7	363427
7	368441
7	370594
7	371385
7	374418
7	375626
7	377307
7	378478
7	379001
7	379852
7	380054
7	380681
7	381136
7	385536
7	386023
7	386719
7	387614
7	387639
7	390566
7	394589
7	395765
7	397959
7	398622
7	398820
7	399344
7	399406
7	399797
7	403001
7	403669
7	403914
7	407996
7	408285
7	408842
7	410654
7	413332
7	414034
7	417372
7	418391
7	421953
7	426352
7	427850
7	429593
7	430645
7	431481
7	432329
7	432404
7	433582
7	436345
7	436912
7	439229
7	440620
7	440691
7	440738
7	441093
7	442078
7	442336
7	442872
7	444491
7	445322
7	447821
7	450942
7	452228
7	454138
7	458526
7	459255
7	461558
7	461873
7	462593
7	466095
7	468235
7	469194
7	469524
7	471090
7	471565
7	471596
7	472749
7	473037
7	473791
7	475550
7	477365
7	477965
7	482076
7	485700
7	487834
7	487860
7	489795
7	490968
7	491039
7	492436
7	495343
7	497019
7	498074
7	499464
7	500595
7	503917
7	505087
7	505650
7	506857
7	509914
7	510694
7	511836
7	513150
7	513834
7	515953
7	515956
7	516509
7	516923
7	517298
7	518690
7	520937
7	521857
7	522666
7	524737
7	524740
7	526263
7	527554
7	527572
7	528087
7	531043
7	531916
7	532788
7	532804
7	533136
7	536839
7	537196
7	537432
7	540604
7	544057
7	547808
7	548052
7	548077
7	548514
7	549729
7	550147
7	550854
7	551715
7	552135
7	552822
7	553166
7	553712
7	557292
7	558207
7	560578
7	560588
7	561525
7	564471
7	564935
7	565180
7	567210
7	568278
7	568924
7	571005
7	571543
7	572070
7	572482
7	572789
7	573370
7	576792
7	578405
7	579512
7	580548
7	581388
7	582252
7	586979
7	588396
7	588656
7	589263
7	592781
7	594502
7	595458
7	596640
7	600437
7	601389
7	602189
7	602949
7	603612
7	604704
7	606545
7	606557
7	607704
7	608896
7	609786
7	613753
7	618429
7	618528
7	619242
7	621726
7	625570
7	626375
7	627923
7	629773
7	630275
7	630338
7	630454
7	632364
7	632669
7	632977
7	633916
7	633940
7	634218
7	635244
7	636727
7	639775
7	641081
7	641234
7	642239
7	643702
7	644557
7	647134
7	647179
7	648712
7	649039
7	649715
7	650492
7	653279
7	653585
7	662622
7	663036
7	664232
7	664699
7	664761
7	670248
7	670504
7	672393
7	675032
7	675145
7	675809
7	676140
7	677069
7	677952
7	678062
7	678159
7	678391
7	681158
7	682239
7	683665
7	684001
7	684521
7	684976
7	685372
7	686805
7	689023
7	689150
7	691418
7	691437
7	693513
7	695293
7	697118
7	698362
7	702408
7	702903
7	703448
7	705447
7	709586
7	709935
7	710689
7	710815
7	710848
7	715560
7	716052
7	716511
7	716611
7	716639
7	718374
7	719832
7	722301
7	722746
7	724240
7	726594
7	727949
7	728451
7	732832
7	734897
7	735198
7	735919
7	737894
7	739496
7	740358
7	741137
7	741431
7	741614
7	744326
7	744537
7	746583
7	748404
7	748821
7	749361
7	749964
7	751298
7	752342
7	752633
7	753127
7	753295
7	753983
7	754154
7	754552
7	757211
7	757433
7	758105
7	758732
7	759083
7	761918
7	763261
7	766106
7	766599
7	766718
7	768387
7	769515
7	769721
7	770349
7	771131
7	772332
7	772664
7	773917
7	775688
7	775843
7	777403
7	778275
7	779712
7	780051
7	780117
7	780245
7	780732
7	780843
7	782753
7	783060
7	786829
7	787651
7	789135
7	789322
7	790338
7	791068
7	793388
7	793698
7	796711
7	799685
7	801845
7	801959
7	802550
7	803275
7	805275
7	805322
7	806582
7	806952
7	807523
7	807608
7	808453
7	809817
7	809961
7	811353
7	811471
7	814069
7	816961
7	818377
7	820139
7	821680
7	823002
7	824766
7	825207
7	827205
7	827783
7	827838
7	827996
7	830039
7	830275
7	830953
7	832184
7	832957
7	834794
7	836722
7	837157
7	839120
7	843439
7	844631
7	844771
7	846501
7	848397
7	848716
7	850005
7	850704
7	850714
7	852573
7	852998
7	853432
7	856487
7	859436
7	861886
7	862121
7	862837
7	863030
7	863838
7	866458
7	867485
7	867794
7	869761
7	869794
7	870851
7	870928
7	871393
7	871584
7	872598
7	874960
7	875419
7	875776
7	880287
7	880489
7	885057
7	887593
7	889151
7	889247
7	890624
7	892532
7	893134
7	894275
7	897397
7	898124
7	900132
7	900400
7	900752
7	901964
7	902797
7	902845
7	903465
7	904031
7	904579
7	904841
7	906795
7	907279
7	909529
7	910874
7	911139
7	911248
7	911717
7	911799
7	911818
7	911930
7	914110
7	914478
7	916743
7	916766
7	917999
7	918185
7	919075
7	919636
7	919866
7	919949
7	920078
7	923633
7	926576
7	926650
7	926728
7	930664
7	930788
7	933395
7	933506
7	935674
7	936160
7	936459
7	936692
7	936732
7	936983
7	936986
7	937105
7	937143
7	940661
7	940905
7	941219
7	941222
7	942366
7	943014
7	943373
7	943790
7	944699
7	947233
7	947919
7	948174
7	950440
7	950995
7	951299
7	951807
7	952267
7	953736
7	955210
7	957081
7	958532
7	959469
7	961263
7	961547
7	962013
7	962036
7	962248
7	963179
7	963453
7	963762
7	964664
7	964963
7	965154
7	969709
7	970885
7	970969
7	971752
7	971790
7	972554
7	974218
7	974258
7	980290
7	982359
7	982913
7	983045
7	984647
7	984930
7	985922
7	986700
7	993662
7	996103
7	996542
7	997574
7	998590
7	1000617
7	1003032
7	1003107
7	1003471
7	1004464
7	1004713
7	1005266
7	1005857
7	1006884
7	1006938
7	1009236
7	1011573
7	1012902
7	1016214
7	1016387
7	1017266
7	1017429
7	1019697
7	1019912
7	1021393
7	1021869
7	1023047
7	1023746
7	1024174
7	1024400
7	1024540
7	1026730
7	1029063
7	1030172
7	1030463
7	1030710
7	1030716
7	1031391
7	1031437
7	1033407
7	1033486
7	1036559
7	1037222
7	1038081
7	1038442
7	1038632
7	1039023
7	1039172
7	1039458
7	1042129
7	1044002
7	1045589
7	1046245
7	1046876
7	1049093
7	1049457
7	1049560
7	1050284
7	1051336
7	1053587
7	1053943
7	1054664
7	1055491
7	1056041
7	1056585
7	1057261
7	1067006
7	1067398
7	1067542
7	1068459
7	1070274
7	1072736
7	1072914
7	1074347
7	1074682
7	1075310
7	1077852
7	1078076
7	1079636
7	1079878
7	1081559
7	1082054
7	1082694
7	1082751
7	1085725
7	1087398
8	3331
8	5615
8	5966
8	7603
8	10112
8	11320
8	12149
8	12585
8	12920
8	13575
8	16242
8	17674
8	18131
8	18950
8	21093
8	21398
8	25076
8	25382
8	26385
8	27023
8	29158
8	29411
8	29597
8	30128
8	32215
8	34291
8	35441
8	35734
8	38256
8	39486
8	42343
8	42482
8	42902
8	43412
8	43664
8	44648
8	45138
8	46965
8	49422
8	49454
8	50039
8	50715
8	50820
8	57378
8	58437
8	60677
8	61601
8	61751
8	61861
8	64940
8	66622
8	67524
8	71019
8	71246
8	71337
8	72434
8	72739
8	77173
8	77424
8	79758
8	79983
8	80852
8	81791
8	82715
8	82948
8	83436
8	84049
8	84776
8	85982
8	86369
8	92907
8	93021
8	93115
8	93759
8	93853
8	96094
8	99945
8	102569
8	103220
8	103946
8	104499
8	105146
8	105321
8	106622
8	108805
8	111212
8	111292
8	112104
8	113093
8	114251
8	114930
8	117237
8	117814
8	119945
8	120004
8	120508
8	122071
8	124888
8	125015
8	126041
8	127093
8	129375
8	131285
8	131860
8	134303
8	138552
8	141014
8	142380
8	142939
8	143394
8	143929
8	146507
8	146877
8	147742
8	147844
8	148506
8	148734
8	150109
8	151002
8	151438
8	153358
8	156238
8	156858
8	157591
8	158805
8	159009
8	159263
8	159408
8	165033
8	169154
8	170441
8	173151
8	173499
8	175357
8	175489
8	177347
8	180936
8	181255
8	185269
8	186011
8	186810
8	190063
8	190263
8	190475
8	191566
8	191656
8	192163
8	194351
8	196530
8	196642
8	196711
8	197850
8	198872
8	199546
8	199915
8	203763
8	204216
8	204937
8	205068
8	206173
8	208628
8	209483
8	212418
8	213429
8	213630
8	216655
8	220283
8	221858
8	223161
8	223788
8	224017
8	224604
8	225004
8	225785
8	226872
8	226921
8	227160
8	228700
8	230417
8	230923
8	231626
8	234227
8	236460
8	237733
8	239002
8	240211
8	240496
8	240852
8	244152
8	244514
8	247179
8	247334
8	249186
8	250410
8	250699
8	251780
8	253604
8	254699
8	255327
8	256478
8	258540
8	260265
8	262227
8	263242
8	263712
8	264325
8	266103
8	267103
8	270475
8	270702
8	272150
8	272640
8	272716
8	275722
8	277195
8	277933
8	281315
8	284007
8	284112
8	285390
8	285455
8	286004
8	287772
8	288186
8	290114
8	290588
8	290663
8	290906
8	290923
8	291349
8	293918
8	295572
8	297681
8	297734
8	298169
8	298802
8	299814
8	301673
8	302658
8	303110
8	303166
8	306981
8	307075
8	309517
8	311966
8	312501
8	314746
8	315503
8	315839
8	315877
8	317583
8	319296
8	319428
8	319880
8	319952
8	321685
8	322388
8	324478
8	324480
8	326605
8	327699
8	329486
8	329897
8	330603
8	330924
8	332875
8	333267
8	333765
8	335621
8	339237
8	340340
8	341197
8	341368
8	341893
8	343503
8	343832
8	343838
8	346149
8	346562
8	346808
8	348539
8	348756
8	352449
8	352455
8	353424
8	353918
8	354636
8	354657
8	355836
8	356061
8	356119
8	357218
8	358420
8	358763
8	359409
8	359644
8	360038
8	360219
8	360499
8	360701
8	360843
8	361415
8	364228
8	364292
8	365172
8	367972
8	369134
8	374034
8	374770
8	376961
8	377143
8	378332
8	378600
8	381582
8	381710
8	383437
8	383907
8	385604
8	385881
8	386096
8	386292
8	386384
8	386692
8	388014
8	388515
8	388727
8	390363
8	390408
8	393827
8	393910
8	395979
8	397524
8	397791
8	397928
8	398678
8	399025
8	399117
8	400304
8	400650
8	401266
8	404857
8	406535
8	406652
8	407313
8	407506
8	409367
8	409813
8	409943
8	410660
8	412043
8	414975
8	416333
8	422355
8	424698
8	425798
8	426791
8	427468
8	428341
8	428906
8	429527
8	430486
8	431069
8	434838
8	435458
8	436679
8	438081
8	438812
8	438861
8	439313
8	441418
8	442222
8	443786
8	443960
8	445470
8	445666
8	446169
8	450933
8	453161
8	453338
8	456114
8	459096
8	459478
8	459848
8	460532
8	465223
8	465303
8	465778
8	466119
8	466439
8	471628
8	473601
8	475388
8	475509
8	476238
8	476408
8	477448
8	477736
8	477853
8	481030
8	481952
8	483363
8	483553
8	483980
8	484358
8	484654
8	488016
8	489438
8	490024
8	490573
8	491694
8	492841
8	493127
8	494114
8	494252
8	494807
8	497077
8	498958
8	499371
8	499702
8	500025
8	501211
8	503092
8	506848
8	507616
8	509993
8	511541
8	514124
8	514477
8	515099
8	515396
8	515661
8	520559
8	521139
8	522712
8	522781
8	523483
8	523805
8	525156
8	526934
8	527830
8	528145
8	528703
8	530342
8	531945
8	532832
8	534574
8	535277
8	535989
8	537957
8	538441
8	539238
8	542124
8	543487
8	543964
8	544467
8	544793
8	545200
8	545642
8	545809
8	545928
8	546911
8	547931
8	548554
8	555761
8	556775
8	557075
8	557363
9	5921
9	6249
9	8341
9	8860
9	9122
9	9386
9	13258
9	14825
9	15979
9	18671
9	19068
9	22004
9	22471
9	23151
9	25730
9	26121
9	26242
9	26907
9	28284
9	31791
9	32065
9	33873
9	37751
9	39386
9	39872
9	42938
9	45779
9	46454
9	47494
9	48520
9	49139
9	49867
9	50567
9	53297
9	54590
9	54634
9	56103
9	56251
9	56550
9	56718
9	56742
9	57643
9	57773
9	59402
9	59689
9	59979
9	61994
9	62398
9	64637
9	66242
9	67287
9	70371
9	72050
9	74402
9	74645
9	76611
9	77825
9	79640
9	80007
9	80687
9	81517
9	82758
9	83419
9	86246
9	87127
9	88905
9	90023
9	91216
9	91658
9	92983
9	95009
9	97463
9	97874
9	97904
9	101015
9	104075
9	105144
9	106078
9	106219
9	107237
9	108334
9	108830
9	109143
9	110079
9	112807
9	113845
9	114019
9	115073
9	117394
9	119380
9	119405
9	119683
9	123674
9	123754
9	124765
9	125556
9	128018
9	128084
9	129019
9	129438
9	131700
9	132046
9	137107
9	138430
9	139818
9	141802
9	142067
9	142258
9	144243
9	146461
9	147318
9	148394
9	148443
9	148734
9	153785
9	153843
9	154431
9	155069
9	159617
9	160002
9	160880
9	162425
9	163338
9	164291
9	164659
9	165640
9	166973
9	168162
9	168677
9	170088
9	172318
9	173177
9	174931
9	175084
9	175259
9	175992
9	176302
9	180354
9	183394
9	185555
9	190557
9	190751
9	192747
9	193485
9	193492
9	195128
9	195377
9	195751
9	196915
9	199696
9	199878
9	200248
9	200764
9	201452
9	201796
9	202421
9	206961
9	207082
9	208325
9	211434
9	213029
9	214298
9	214921
9	215026
9	217405
9	217519
9	217865
9	218094
9	224020
9	224725
9	225047
9	227519
9	228017
9	229298
9	230303
9	230449
9	232601
9	233266
9	233474
9	238836
9	239171
9	239738
9	239914
9	240125
9	241365
9	244835
9	246748
9	247168
9	247552
9	248722
9	249441
9	249712
9	250925
9	251492
9	251961
9	253416
9	255937
9	257666
9	259986
9	260042
9	262504
9	265390
9	265559
9	265567
9	266566
9	266700
9	268260
9	269255
9	269469
9	269650
9	270152
9	270599
9	271634
9	272422
9	272644
9	272681
9	274167
9	277940
9	278097
9	278352
9	279615
9	280078
9	284545
9	290169
9	291330
9	291850
9	292220
9	292389
9	292413
9	294100
9	296764
9	296839
9	297210
9	298443
9	298719
9	300069
9	305177
9	305234
9	306428
9	308345
9	309814
9	310527
9	311972
9	312533
9	314622
9	314820
9	316893
9	317299
9	317887
9	318046
9	320489
9	320852
9	321333
9	321629
9	323996
9	328025
9	328230
9	329699
9	330496
9	330743
9	331356
9	331593
9	331643
9	333959
9	335473
9	337146
9	339113
9	340855
9	342556
9	344855
9	345154
9	346909
9	347953
9	349439
9	351862
9	352305
9	353154
9	353443
9	355712
9	356711
9	357774
9	358428
9	358680
9	361971
9	364167
9	364468
9	366172
9	367555
9	368990
9	369424
9	370802
9	373834
9	376390
9	378110
9	382840
9	384875
9	385043
9	385440
9	385980
9	387106
9	387302
9	387597
9	387828
9	388992
9	391848
9	392482
9	393699
9	394882
9	395424
9	396271
9	396867
9	397723
9	402001
9	407107
9	408786
9	410471
9	410569
9	412510
9	412750
9	415154
9	415228
9	416918
9	417400
9	420071
9	424013
9	425567
9	425713
9	426790
9	428806
9	430267
9	430991
9	431247
9	432280
9	434957
9	435720
10	4312
10	5194
10	6120
10	7576
10	8332
10	10309
10	11666
10	12146
10	15705
10	17230
10	17905
10	18257
10	18735
10	18850
10	19994
10	20354
10	21123
10	22924
10	24600
10	29399
10	29522
10	31243
10	32643
10	34308
10	34704
10	36899
10	40141
10	40720
10	42947
10	43183
10	43409
10	43682
10	43744
10	43899
10	44182
10	44292
10	45319
10	45948
10	46006
10	49055
10	57078
10	57277
10	58629
10	59925
10	61701
10	64964
10	67458
10	67934
10	68504
10	69727
10	69916
10	70632
10	72068
10	72242
10	73471
10	77012
10	78094
10	78449
10	81655
10	82705
10	83479
10	84699
10	85900
10	87474
10	87818
10	90194
10	90378
10	91204
10	95569
10	97522
10	98386
10	100101
10	102810
10	102878
10	103386
10	104720
10	105300
10	105379
10	105715
10	105750
10	108953
10	111203
10	112090
10	112519
10	113183
10	116897
10	117943
10	118103
10	120647
10	121306
10	122783
10	125138
10	126209
10	128365
10	128882
10	129868
10	131943
10	134153
10	134201
10	135839
10	137451
10	139355
10	140572
10	142910
10	146658
10	146752
10	147192
10	147383
10	149385
10	150794
10	153541
10	153589
10	153658
10	154521
10	156092
10	156576
10	157196
10	157416
10	159704
10	160585
10	161162
10	162999
10	164240
10	165666
10	166769
10	167580
10	168260
10	170710
10	172148
10	173419
10	174412
10	174424
10	174959
10	176344
10	177905
10	178645
10	182509
10	182857
10	184334
10	184796
10	185894
10	186560
10	188600
10	190737
10	195470
10	195541
10	195889
10	196073
10	196926
10	198222
10	200667
10	200979
10	202454
10	203246
10	205390
10	206212
10	208998
10	209435
10	210511
10	211199
10	213810
10	214052
10	216186
10	217884
10	219393
10	219471
10	220263
10	221484
10	221568
10	222766
10	223658
10	223786
10	224258
10	225431
10	230173
10	231473
10	232026
10	232796
10	234885
10	235023
10	238630
10	238832
10	240337
10	240733
10	243186
10	243721
10	246424
10	248644
10	248772
10	249587
10	250291
10	251309
10	253431
10	253957
10	256088
10	256775
10	260318
10	260543
10	261277
10	261924
10	263660
10	263994
10	265179
10	267126
10	267339
10	267426
10	268370
10	269346
10	269520
10	270587
10	271915
10	275315
10	278937
10	280910
10	286571
10	286886
10	286937
10	287044
10	287172
10	289123
10	290472
10	291653
10	291902
10	294015
10	295203
10	296920
10	303542
10	304728
10	308238
10	308387
10	309463
10	312129
10	312318
10	312623
10	312791
10	315903
10	316254
10	316800
10	317503
10	317543
10	318149
10	318711
10	319454
10	319463
10	319844
10	320066
10	321394
10	322195
10	323229
10	324259
10	325816
10	325867
10	326376
10	326907
10	327335
10	328167
10	329674
10	330083
10	330927
10	331629
10	334546
10	334661
10	335916
10	336369
10	337787
10	337847
10	338903
10	340019
10	340084
10	340190
10	341345
10	341882
10	342520
10	343826
10	344355
10	344443
10	344573
10	345134
10	348140
10	349794
10	352425
10	353932
10	354182
10	354546
10	357857
10	358768
10	362048
10	365924
10	368170
10	368268
10	370321
10	372346
10	373656
10	373775
10	374168
10	374583
10	375318
10	375589
10	377644
10	377662
10	377700
10	379248
10	381053
10	381816
10	382704
10	383027
10	383861
10	385093
10	385244
10	385302
10	386033
10	387166
10	388553
10	390992
10	392173
10	393647
10	395200
10	397414
10	399068
10	400628
10	401035
10	405980
10	406151
10	407893
10	407916
10	408517
10	410013
10	410651
10	411052
10	412575
10	414269
10	415533
10	416519
10	418806
10	421013
10	421272
10	421294
10	424160
10	424973
10	425053
10	425829
10	425981
10	426038
10	426688
10	427022
10	429168
10	431190
10	431352
10	434847
10	435100
10	435667
10	437476
10	438190
10	438357
10	438412
10	439661
10	441684
10	443211
10	443423
10	444418
10	445626
10	448260
10	448367
10	449214
10	450560
10	451459
10	452865
10	454677
10	457233
10	458993
10	460359
10	461425
10	464160
10	464188
10	464859
10	467631
10	471870
10	472539
10	474627
10	476117
10	476500
10	478189
10	479527
10	480633
10	482433
10	483285
10	483756
10	485331
10	488016
10	488791
10	489072
10	493387
10	494451
10	495198
10	495295
10	496041
10	496148
10	497901
10	498385
10	499673
10	499885
10	500244
10	501302
10	502193
10	505906
10	506215
10	508560
10	510769
10	512926
10	515193
10	516218
10	516550
10	518726
10	520329
10	522266
10	522391
10	522859
10	523487
10	525201
10	526102
10	526130
10	527330
10	527551
10	528942
10	530452
10	533697
10	535525
10	535955
10	539173
10	543263
10	544375
10	546920
10	550014
10	555010
10	555713
10	556925
10	557661
10	559557
10	562201
10	563143
10	563180
10	563511
10	566666
10	568562
10	568726
10	572032
10	572457
10	572471
10	575965
10	576370
10	580277
10	582824
10	584134
10	584465
10	584554
10	585279
10	585352
10	586040
10	587750
10	588175
10	588506
10	592750
10	594189
10	596480
10	597560
10	601173
10	602847
10	604350
10	605494
10	607208
10	608651
10	609121
10	609466
10	610864
10	611637
10	611693
10	613541
10	614020
10	614105
10	614179
10	614305
10	616911
10	616972
10	617611
10	619009
10	619561
10	620046
10	620144
10	620510
10	621180
10	625039
10	625449
10	626125
10	627715
10	628402
10	629048
10	631707
10	632683
10	632751
10	635313
10	636500
10	639440
10	640022
10	642094
10	642576
10	644958
10	645044
10	648546
10	648847
10	649085
10	649153
10	650287
10	650710
10	650941
10	651207
10	653978
10	654639
10	656637
10	658444
10	659880
10	660595
10	660849
10	664154
10	665427
10	666139
10	667117
10	667655
10	668047
10	668256
10	669632
10	673994
10	675683
10	679062
10	679481
10	681265
10	681972
10	682183
10	683486
10	684752
10	684795
10	685223
10	686472
10	687131
10	687270
10	687293
10	688788
10	689011
10	690280
10	691105
10	691451
10	691535
10	692525
10	694224
10	697599
10	698078
10	699289
10	699680
10	703727
10	707344
10	707755
10	707948
10	710014
10	712394
10	713732
10	714341
10	714409
10	715658
10	716441
10	718628
10	718868
10	719942
10	723268
10	729157
10	732376
10	733999
10	734322
10	735506
10	737609
10	738262
10	738807
10	738946
10	742079
11	5912
11	6258
11	6266
11	6863
11	11837
11	14755
11	15759
11	15816
11	16234
11	16600
11	18006
11	18439
11	22570
11	23280
11	23787
11	24175
11	24334
11	26481
11	27247
11	27278
11	27362
11	28257
11	29820
11	33622
11	35344
11	35725
11	36212
11	36821
11	38759
11	40562
11	41982
11	43730
11	43907
11	44393
11	45388
11	47019
11	47256
11	49887
11	50678
11	51114
11	51257
11	52385
11	52771
11	53682
11	56050
11	56323
11	57883
11	58809
11	59963
11	64192
11	65724
11	67987
11	67997
11	68182
11	68346
11	70617
11	70715
11	72528
11	72855
11	78991
11	79689
11	80916
11	81205
11	82533
11	85139
11	89407
11	91594
11	92085
11	92488
11	92987
11	94258
11	95169
11	96194
11	97827
11	99633
11	102503
11	102818
11	104372
11	104809
11	105532
11	105677
11	111264
11	113712
11	114373
11	114499
11	114919
11	114960
11	118724
11	119957
11	120607
11	123919
11	126107
11	126777
11	126859
11	127320
11	129637
11	130248
11	132207
11	133679
11	133816
11	136056
11	141058
11	146105
11	147157
11	149748
11	151290
11	153667
11	156993
11	157413
11	158847
11	158859
11	161229
11	161543
11	161880
11	162888
11	164515
11	165209
11	168269
11	171120
11	171959
11	174018
11	174402
11	175156
11	175171
11	176232
11	177227
11	179741
11	182496
11	185157
11	185800
11	185938
11	186188
11	186360
11	186365
11	187300
11	190005
11	194299
11	196510
11	197505
11	198104
11	198413
11	199567
11	200974
11	201076
11	202337
11	204145
11	206730
11	209308
11	211986
11	212055
11	212159
11	214219
11	214332
11	214594
11	216112
11	216268
11	217436
11	220895
11	221158
11	222195
11	223148
11	223474
11	225436
11	226457
11	226986
11	227487
11	227767
11	228509
11	229115
11	229398
11	229452
11	232762
11	236261
11	237240
11	238350
11	239594
11	239744
11	240562
11	241256
11	243061
11	243846
11	245120
11	245395
11	245850
11	246859
11	247065
11	247591
11	248433
11	248555
11	252611
11	253033
11	253167
11	253228
11	259590
11	260451
11	261678
11	263626
11	264818
11	267045
11	267052
11	267989
11	268247
11	268446
11	268757
11	270290
11	270293
11	275736
11	276099
11	276272
11	276517
11	277233
11	277414
11	277909
11	278379
11	278413
11	279022
11	279386
11	281694
11	282800
11	283342
11	285704
11	285746
11	289955
11	294272
11	299054
11	299231
11	300595
11	301366
11	303108
11	304084
11	304643
11	305209
11	305590
11	306640
11	307712
11	308336
11	310028
11	310823
11	311455
11	313360
11	314064
11	315340
11	316266
11	316405
11	317684
11	317816
11	317905
11	317988
11	318899
11	319924
11	321023
11	322171
11	322774
11	322869
11	323924
11	324451
11	324912
11	326186
11	326993
11	328442
11	331264
11	331952
11	333427
11	336361
11	336868
11	339473
11	340154
11	340213
11	341043
11	341179
11	342022
11	343107
11	343145
11	345811
11	346249
11	346683
11	348583
11	349307
11	349820
11	350629
11	350916
11	351058
11	351587
11	352315
11	358796
11	360177
11	360876
11	362929
11	363204
11	365237
11	365804
11	366893
11	367411
11	367496
11	369980
11	370897
11	370979
11	371446
11	373651
11	375437
11	378739
11	380539
11	382229
11	382708
11	383164
11	383529
11	383672
11	385236
11	386251
11	386980
11	387661
11	387829
11	390537
11	390779
11	390837
11	392001
11	394839
11	395137
11	397435
11	397634
11	398132
11	398400
11	399391
11	400452
11	400598
11	402724
11	402839
11	403583
11	404893
11	404986
11	405179
11	405365
11	405535
11	407680
11	407879
11	408858
11	409876
11	410449
11	412126
11	412686
11	413002
11	413230
11	413841
11	414134
11	414525
11	415450
11	416516
11	419097
11	420311
11	420583
11	421791
11	421870
11	422661
11	422928
11	427227
11	429836
11	430110
11	432636
11	433143
11	434557
11	434879
11	434921
11	435864
11	436038
11	436324
11	436916
11	438300
11	439321
11	440818
11	441521
11	441566
11	442132
11	443599
11	444874
11	445419
11	448161
11	453380
11	455106
11	455782
11	456604
11	458996
11	459671
11	461430
11	461701
11	463230
11	464115
11	464437
11	464811
11	470946
11	473673
11	473837
11	474016
11	474239
11	475149
11	475871
11	480941
11	483020
11	485677
11	485905
11	487866
11	488114
11	488206
11	489351
11	492359
11	493629
11	495570
11	496302
11	496994
11	498355
11	501084
11	501201
11	502575
11	504159
11	504560
11	506196
11	506806
11	509447
11	509531
11	509540
11	510081
11	510703
11	511767
11	513343
11	513591
11	515951
11	516007
11	516740
11	518852
11	519979
11	520426
11	520518
11	521177
11	522199
11	522293
11	522837
11	526705
11	527621
11	528700
11	530568
11	533646
11	533908
11	534326
11	534535
11	535187
11	535637
11	536749
11	536806
11	537301
11	537577
11	537585
11	538572
11	540063
11	540744
11	541094
11	544520
11	544801
11	545430
11	545464
11	547138
11	547908
11	548098
11	548197
11	550476
11	551255
11	552995
11	553806
11	554724
11	555225
11	556854
11	559600
11	559805
11	561434
11	563483
11	565185
11	565403
11	565725
11	565986
11	568436
11	568561
11	569275
11	572066
11	572354
11	572465
11	576487
11	577828
11	578808
11	579188
11	579310
11	579366
11	580669
11	581609
11	581663
11	582119
11	584447
11	585373
11	585835
11	586678
11	586876
11	587072
11	589257
11	589966
11	591140
11	591779
11	592080
11	592227
11	593849
11	594602
11	594879
11	595268
11	596761
11	600283
11	601593
11	605046
11	608835
11	609620
11	611075
11	611399
11	612101
11	612404
11	613046
11	614096
11	615203
11	618396
11	619493
11	621135
11	621788
11	622947
11	622976
11	623111
11	623813
11	624594
11	625456
11	625497
11	629943
11	632089
11	637491
11	639476
11	640176
11	644421
11	644723
11	645816
11	646021
11	646723
11	647130
11	648983
11	649237
11	650376
11	651441
11	656247
11	656320
11	660751
11	662341
11	663011
12	3074
12	4909
12	5986
12	8254
12	8650
12	11109
12	11263
12	12174
12	13333
12	14275
12	14682
12	14810
12	15012
12	15471
12	16010
12	16103
12	18076
12	19445
12	20983
12	21359
12	22243
12	23732
12	24611
12	28375
12	29985
12	31226
12	31607
12	33393
12	38535
12	38703
12	39601
12	39844
12	40390
12	41060
12	41134
12	42744
12	45918
12	46710
12	47070
12	48032
12	48628
12	49924
12	51511
12	55111
12	55582
12	56633
12	58902
12	59208
12	59290
12	59969
12	61105
12	61794
12	62195
12	62271
12	63580
12	64080
12	64306
12	65206
12	65458
12	65629
12	72112
12	72710
12	73507
12	75800
12	76555
12	77463
12	77798
12	78175
12	78325
12	79532
12	85783
12	86573
12	92439
12	95002
12	95463
12	95647
12	96396
12	96588
12	100294
12	102260
12	102355
12	102903
12	103312
12	103476
12	104594
12	104781
12	105452
12	105792
12	106693
12	107229
12	107907
12	107938
12	109980
12	114566
12	115568
12	118626
12	118968
12	119697
12	120262
12	120267
12	123538
12	123803
12	124029
12	124638
12	125657
12	126051
12	126732
12	128005
12	128694
12	130190
12	130850
12	132192
12	135311
12	135421
12	136163
12	136382
12	138395
12	143338
12	143503
12	143604
12	144711
12	144848
12	145543
12	146032
12	146493
12	146681
12	150171
12	151262
12	151715
12	152357
12	152521
12	153387
12	153512
12	154883
12	155546
12	155555
12	156785
12	157526
12	157616
12	157847
12	157852
12	158273
12	158425
12	162109
12	162193
12	162393
12	166635
12	166880
12	167243
12	168079
12	169936
12	169969
12	170936
12	172505
12	174083
12	174378
12	174427
12	174846
12	175308
12	175341
12	175573
12	176093
12	176187
12	177006
12	177723
12	178166
12	179715
12	180349
12	180919
12	183544
12	185245
12	185549
12	185594
12	185777
12	185914
12	186825
12	187512
12	187676
12	188015
12	189193
12	189293
12	189895
12	191995
12	192307
12	192837
12	194924
12	198118
12	198396
12	198518
12	198579
12	198802
12	199413
12	200704
12	201171
12	202654
12	203474
12	204188
12	204523
12	204717
12	205480
12	206134
12	207443
12	209335
12	209355
12	209897
12	211547
12	211746
12	214455
12	215410
12	218258
12	223712
12	223829
12	225489
12	227001
12	227724
12	230639
12	230724
12	231489
12	232569
12	233674
12	234485
12	235300
12	237486
12	238154
12	238317
12	238857
12	241345
12	243121
12	243272
12	244036
12	245760
12	246161
12	246794
12	247215
12	249463
12	249484
12	251098
12	253383
12	255680
12	258689
12	258850
12	259109
12	264115
12	264467
12	264647
12	265767
12	266097
12	266587
12	267041
12	268647
12	269744
12	270019
12	270780
12	273555
12	278043
12	279336
12	279945
12	284714
12	285398
12	289704
12	290657
12	293049
12	293114
12	293118
12	293748
12	293986
12	294388
12	296210
12	296322
12	296463
12	296689
12	296852
12	296887
12	297824
12	298113
12	298332
12	299735
12	300251
12	303458
12	305895
12	305933
12	305993
12	307283
12	310099
12	310475
12	311748
12	312747
12	313327
12	313389
12	320297
12	320907
12	323071
12	325455
12	326956
12	328430
12	330225
12	331471
12	331744
12	332121
12	332131
12	332363
12	333452
12	335118
12	335624
12	339230
12	340207
12	342326
12	342518
12	343341
12	343607
12	347059
12	349320
12	352321
12	353257
12	353455
12	354451
12	354834
12	357707
12	359623
12	359790
12	360121
12	361708
12	364253
12	364396
12	365038
12	366292
12	366713
12	366763
12	367570
12	368178
12	368693
12	369297
12	371999
12	374571
12	377508
12	377902
12	378879
12	379082
12	379787
12	380384
12	380986
12	383281
12	384103
12	384736
12	385342
12	385405
12	385411
12	387677
12	388142
12	388187
12	388889
12	389995
12	390582
12	392978
12	393616
12	397869
12	398979
12	399835
12	400051
12	401462
12	402233
12	408822
12	409500
12	409773
12	410950
12	412019
12	412336
12	414713
12	418583
12	420070
12	420456
12	420457
12	421300
12	423444
12	423534
12	424599
12	425342
12	428329
12	428389
12	431073
12	431892
12	432976
12	434285
12	434546
12	434741
12	435791
12	437169
12	439692
12	440206
12	443375
12	443915
12	446450
12	447624
12	447909
12	448007
12	448970
12	449043
12	449420
12	450005
12	451142
12	453525
12	456814
12	459771
12	459975
12	460227
12	461687
12	462061
12	462615
12	463103
12	464157
12	466414
12	466562
12	467234
12	467337
12	469481
12	470319
12	471785
12	472229
12	473493
12	474959
12	475414
12	478683
12	478817
12	478915
12	479546
12	479931
12	480568
12	480571
12	482194
12	482517
12	482668
12	482744
12	483402
12	485549
12	488151
12	488162
12	488223
12	488536
12	488999
12	489432
12	489679
12	489777
12	491985
12	492615
12	492746
12	493176
12	493259
12	495778
12	496812
12	497668
12	498562
12	500192
12	500352
12	501326
12	506007
12	506076
12	508000
12	508467
12	509708
12	509937
12	510331
12	511109
12	512933
12	513659
12	513890
12	517077
12	517902
12	518370
12	520404
12	522657
12	522697
12	523933
12	525629
12	527743
12	529017
12	531597
12	532541
12	532994
12	533195
12	534870
12	538593
12	539054
12	540475
12	541566
12	542885
12	543707
12	544199
12	546813
12	548147
12	548175
12	548267
12	551149
12	551164
12	551595
12	553953
12	557522
12	558462
12	558929
12	559151
12	559786
12	563118
12	563747
12	566596
12	566994
12	567911
12	568059
12	568280
12	568604
12	568653
12	569191
12	569908
12	570279
12	570929
12	571805
12	573200
12	574226
12	577753
12	580594
12	580733
12	581187
12	583561
12	583924
12	589251
12	590569
12	591019
12	591026
12	593982
12	594813
12	595003
12	596617
12	597632
12	600225
12	604244
12	604800
12	604999
12	605463
12	609026
12	609923
12	614941
12	615450
12	617109
12	617234
12	618377
12	618564
12	619941
12	620158
12	621384
12	623158
12	624329
12	624565
12	627063
12	627222
12	627746
12	628489
12	630120
12	630659
12	631216
12	631633
12	632478
12	633124
12	634882
12	635525
12	636019
12	636549
12	638031
12	639235
12	642768
12	642784
12	643098
12	645154
12	645270
12	646867
12	650331
12	650564
12	650829
12	653397
12	653685
12	654150
12	654624
12	654645
12	654971
12	656265
12	658599
12	658679
12	661989
12	662717
12	662853
12	664465
12	666026
12	666590
12	666733
12	667445
12	669651
12	670830
12	670908
12	671175
12	671364
12	672147
12	673217
12	673343
12	674547
12	675344
12	675951
12	676320
12	677534
12	678136
12	678310
12	679525
12	681001
12	681098
12	682200
12	683376
12	686013
12	686945
12	689341
12	694264
12	694525
12	695671
12	697042
12	699466
12	699762
12	702269
12	702886
12	702943
12	706294
12	707341
12	708679
12	708859
12	709573
12	710242
12	711986
12	712269
12	712671
12	713194
12	719709
12	720634
12	722480
12	723825
12	724491
12	725114
12	728174
12	730732
12	731071
12	732412
12	732849
12	733473
12	733678
12	734564
12	735857
12	736213
12	737722
12	738041
12	739628
12	740294
12	741093
12	743139
12	746995
12	747182
12	748381
12	748578
12	749248
12	754209
12	754758
12	754838
12	755407
12	755941
12	757056
12	757391
12	757428
12	757617
12	758338
12	758382
12	759541
12	761208
12	761678
12	763073
12	763651
12	763912
12	764556
12	765127
12	767374
12	767999
12	769843
12	771721
12	772412
12	773678
12	773705
12	774347
12	777314
12	779157
12	779461
12	779524
12	779962
12	781314
12	782139
12	782744
12	784772
12	785224
12	785554
12	785663
12	787138
12	789569
12	790753
12	792246
12	792635
12	792956
12	793209
12	794998
12	797307
12	797960
12	803451
12	805688
12	805865
12	807476
12	807557
12	807579
12	809470
12	809731
12	810920
12	811056
12	811830
12	817196
12	817936
12	819965
12	820684
12	823322
12	825203
12	825813
12	826102
12	827165
12	829084
12	829363
12	829743
12	830283
12	830812
12	834513
12	834669
12	836460
12	838189
12	843737
12	847262
12	852178
12	852706
12	854060
12	854282
12	856904
12	857853
12	858129
12	859058
12	862166
12	863092
12	863670
12	864065
12	865768
12	865975
12	867130
12	869751
12	871452
12	874024
12	875852
12	885101
12	885762
12	887516
12	889026
12	891746
12	891944
12	892100
12	892708
12	893895
12	895807
12	898414
12	900621
12	901237
12	902243
12	903715
12	905589
12	905817
12	906024
12	906607
12	906616
12	906641
12	906882
12	907164
12	912478
12	912839
12	915066
12	915373
12	915616
12	922029
12	924814
12	928774
12	928859
12	928957
12	930947
12	931092
12	931701
12	932906
12	935554
12	937089
12	938171
12	939189
12	939516
12	941180
12	942869
12	942984
12	943274
12	943568
12	943858
12	943944
12	952164
12	952165
12	952576
12	953071
12	953451
12	961609
12	962204
12	963881
12	964033
12	964850
12	964960
12	965765
12	966370
12	969243
12	969750
12	972297
12	973722
12	974324
12	975267
12	975475
12	975706
12	975724
12	976039
12	976123
12	977097
12	977243
12	978947
12	979893
12	979997
12	982361
12	982812
12	984027
12	985851
12	987209
12	987227
12	989175
12	992889
12	993473
12	994076
12	994102
12	997845
12	998398
12	998780
12	999451
12	1003057
12	1005524
12	1006641
12	1007269
12	1007270
12	1008465
12	1008883
12	1009678
12	1010138
12	1010512
12	1012069
12	1012781
12	1012903
12	1012953
12	1017616
12	1018622
12	1020346
12	1020989
12	1021145
12	1022440
12	1023766
12	1024132
12	1025243
12	1025322
12	1025626
12	1025636
12	1027199
12	1028064
12	1033670
12	1033768
12	1034925
12	1035969
12	1037887
12	1038743
12	1039250
12	1039901
12	1040102
12	1040394
12	1041647
12	1044755
12	1044803
12	1048938
12	1049146
12	1049676
12	1052248
12	1052759
12	1054655
12	1054744
12	1054759
12	1056265
12	1057339
12	1058303
12	1058617
12	1060021
12	1062190
12	1064168
12	1067740
12	1070749
12	1071222
12	1071899
12	1074110
13	3218
13	4448
13	5272
13	7448
13	7972
13	8848
13	9304
13	9681
13	13166
13	14451
13	17657
13	19533
13	24882
13	27350
13	28176
13	29215
13	31722
13	31787
13	33151
13	34033
13	36503
13	36665
13	38889
13	39156
13	40570
13	46834
13	47479
13	48878
13	48907
13	48976
13	50485
13	50486
13	50894
13	51828
13	52081
13	55119
13	55306
13	55773
13	56352
13	56558
13	59015
13	61479
13	63682
13	64294
13	64500
13	64907
13	69730
13	69831
13	72849
13	73820
13	74798
13	76018
13	76456
13	77441
13	77887
13	79248
13	79588
13	82383
13	82712
13	83003
13	83328
13	84510
13	85406
13	86203
13	86798
13	88376
13	89267
13	90784
13	91125
13	96561
13	96713
13	96993
13	98173
13	98251
13	98742
13	98850
13	98984
13	99209
13	100315
13	102283
13	105226
13	106113
13	106727
13	107032
13	107296
13	107534
13	108205
13	115620
13	116070
13	119414
13	119836
13	119874
13	124228
13	124517
13	124868
13	126657
13	128827
13	130690
13	130714
13	132395
13	133016
13	133122
13	133228
13	133352
13	134777
13	137323
13	137904
13	140090
13	140227
13	142532
13	144075
13	149117
13	154458
13	155748
13	158701
13	161736
13	161741
13	162078
13	162115
13	162133
13	164201
13	164859
13	166995
13	167726
13	167814
13	172187
13	172215
13	173120
13	176278
13	177760
13	180004
13	180202
13	182218
13	183715
13	189726
13	190543
13	190857
13	191103
13	193150
13	193419
13	193647
13	195425
13	197571
13	199403
13	200256
13	201688
13	202474
13	202635
13	203700
13	204186
13	207471
13	207967
13	208999
13	211046
13	211095
13	211840
13	212122
13	213803
13	215739
13	216452
13	216666
13	217294
13	217633
13	219411
13	220514
13	221433
13	221513
13	222024
13	222621
13	223295
13	224531
13	224625
13	224845
13	225653
13	226108
13	228344
13	228559
13	228853
13	229318
13	231117
13	232872
13	233534
13	235913
13	236602
13	237889
13	239035
13	239331
13	239374
13	239704
13	242204
13	243157
13	243976
13	244125
13	244481
13	249331
13	252629
13	255468
13	256108
13	256637
13	257089
13	259207
13	260641
13	260733
13	261296
13	262025
13	265713
13	266244
13	267176
13	267333
13	267633
13	269867
13	270400
13	271905
13	271965
13	273825
13	274278
13	275214
13	276007
13	276144
13	276416
13	276989
13	277816
13	277884
13	279439
13	279754
13	281056
13	281191
13	281779
13	282202
13	282584
13	284410
13	288263
13	288690
13	290071
13	291271
13	292256
13	294814
13	296854
13	296897
13	297443
13	297461
13	301429
13	304440
13	306433
13	307314
13	307458
13	310598
13	310982
13	312240
13	312245
13	313262
13	313327
13	314757
13	314912
13	317284
13	318757
13	319348
13	321247
13	322912
13	323767
13	324056
13	324428
13	326186
13	328636
13	329262
13	329421
13	331946
13	332831
13	334318
13	334403
13	335253
13	337004
13	337796
13	338425
13	340567
13	340789
13	340948
13	342207
13	342452
13	344872
13	345340
13	345870
13	346708
13	350497
13	350894
13	351364
13	351899
13	352033
13	353384
13	354444
13	355550
13	356261
13	356665
13	356858
13	357349
13	358605
13	358947
13	362388
13	365581
13	366715
13	367849
13	369571
13	370901
13	371939
13	372554
13	374430
13	374767
13	375916
13	376804
13	377586
13	378063
13	380209
13	380542
13	380723
13	382510
13	385151
13	385392
13	385696
13	388617
13	389517
13	390420
13	390421
13	390506
13	390691
13	391619
13	395260
13	397388
13	397741
13	400929
13	401904
13	402265
13	402398
13	402844
13	404532
13	406493
13	407707
13	408241
13	408338
13	410012
13	412111
13	412468
13	412903
13	413528
13	415648
13	417008
13	417996
13	418127
13	418390
13	418473
13	420260
13	420823
13	420836
13	421886
13	422210
13	422946
13	423506
13	423529
13	423628
13	426060
13	426564
13	426746
13	428042
13	433049
13	434797
13	435615
13	435967
13	436102
13	437608
13	437883
13	438347
13	438738
13	439357
13	440649
13	441075
13	441127
13	442759
13	443942
13	445293
13	445693
13	445977
13	445981
13	449505
13	449760
13	450149
13	451538
13	451818
13	452762
13	455641
13	457600
13	457954
13	459572
13	459754
13	460390
13	461469
13	463177
13	463250
13	464095
13	464815
13	466564
13	467903
13	467905
13	472647
13	473987
13	474577
13	474672
13	475682
13	475705
13	475936
13	476245
13	477632
13	477699
13	478453
13	479234
13	480832
13	482625
13	483026
13	484894
13	485820
13	487457
13	488059
13	489609
13	491073
13	491521
13	494886
13	496326
13	497427
13	498237
13	498310
13	498995
13	500570
13	500640
13	503418
13	503728
13	507030
13	507520
13	509001
13	509157
13	509753
13	510139
13	512740
13	513067
13	513691
13	514791
13	515487
13	516972
13	518938
13	519511
13	519745
13	520389
13	520653
13	520792
13	522743
13	523255
13	524182
13	525149
13	530021
13	530145
13	530946
13	535053
13	536639
13	537539
13	538787
13	541099
13	541287
13	542375
13	545323
13	551722
13	552709
13	552724
13	554209
13	554272
13	555929
13	556339
13	558801
13	559337
13	559433
13	561471
13	563420
13	566075
13	566609
13	567883
13	568687
13	572752
13	573517
13	576148
13	576932
13	579354
13	579500
13	581121
13	581267
13	581796
13	581895
13	582872
13	583107
13	584443
13	586704
13	587451
13	587719
13	589259
13	590762
13	592228
13	592483
13	595717
13	599158
13	601449
13	605089
13	605244
13	605899
13	608209
13	610034
13	610263
13	610587
13	611438
13	612124
13	613269
13	613747
13	614915
13	615434
13	615633
13	618170
13	620036
13	621060
13	621239
13	621382
13	622093
13	622764
13	623358
13	623448
13	623585
13	625779
13	628334
13	630277
13	630907
13	631379
13	632633
13	632709
13	633741
13	633830
13	633993
13	636403
13	637470
13	639071
13	639975
13	640144
13	640226
13	642158
13	644495
13	645555
13	645831
13	647445
13	648696
13	649031
13	649781
13	650711
13	655029
13	658952
13	662937
13	663095
13	664293
13	664888
13	664963
13	665345
13	666533
13	666648
13	666663
13	666867
13	669440
13	670301
13	671822
13	672426
13	675596
13	675613
13	675910
13	676781
13	677870
13	684516
13	685999
13	690194
13	692219
13	695308
13	695808
13	695959
13	697514
13	697565
13	698148
13	698238
13	698285
13	699262
13	700481
13	700961
13	701048
13	701676
13	702585
13	703659
13	703755
13	704379
13	704445
13	706237
13	706250
13	708442
13	709149
13	709676
13	709783
13	709971
13	710198
13	711305
13	712483
13	712485
13	713298
13	713736
13	718053
13	718433
13	718663
13	722540
13	723813
13	727376
13	730556
13	732474
13	732625
13	734819
13	737020
13	737534
13	738020
13	738263
13	738538
13	742505
13	742955
13	743973
13	745579
13	746164
13	747401
13	750571
13	751758
13	751991
13	752829
13	755884
13	759320
13	764217
13	769726
13	770331
13	773753
13	774064
13	776729
13	777889
13	778775
13	783743
13	784845
13	788887
13	789442
13	790514
13	793200
13	793412
13	794812
13	796123
13	796175
13	797810
13	798642
13	799409
13	800605
13	802991
13	803799
13	805079
13	806796
13	807310
13	809055
13	810525
13	811478
13	812723
13	813735
13	814617
13	816719
13	817312
13	818700
13	818842
13	820527
13	821710
13	821805
13	822004
13	824311
13	826322
13	826372
13	829041
13	830496
13	832509
13	832622
13	832815
13	832991
13	833225
13	833405
13	837084
13	837347
13	837866
13	839757
13	840171
13	841048
13	842087
13	842299
13	843396
13	843964
13	850104
13	850685
13	851801
13	852911
13	853093
13	853185
13	854336
13	855744
13	861888
13	862153
13	862610
13	864488
13	864973
13	865941
13	867017
13	868159
13	868317
13	869014
13	870925
13	871073
13	873443
13	874386
13	875149
13	876294
13	876905
13	878432
13	878510
13	880215
13	880617
13	881943
13	883471
13	884175
13	884601
13	887008
13	889300
13	891196
13	892143
13	892924
13	895636
13	896035
13	897513
13	897701
13	897790
13	899517
13	899783
13	901513
13	901716
13	902480
13	904707
13	905568
13	908208
13	908680
13	911074
13	911514
13	911520
13	911758
13	912211
13	912626
13	913524
13	915521
13	917614
13	918633
13	918871
13	919389
13	919740
13	920700
13	921009
14	5006
14	5073
14	5968
14	10156
14	12565
14	12849
14	13569
14	15989
14	16050
14	22516
14	23039
14	24866
14	28046
14	33105
14	34155
14	35175
14	36875
14	37360
14	38244
14	38373
14	38710
14	39268
14	39876
14	40022
14	43622
14	44435
14	48610
14	48779
14	49420
14	49752
14	51016
14	53649
14	54232
14	55457
14	55964
14	57027
14	57418
14	58570
14	58739
14	61022
14	61260
14	66100
14	70564
14	71156
14	71466
14	76909
14	78488
14	79638
14	79754
14	80886
14	81154
14	82325
14	82634
14	83091
14	83292
14	84075
14	86397
14	88143
14	89676
14	90086
14	90868
14	94188
14	95787
14	96054
14	96764
14	98695
14	99782
14	101396
14	102193
14	103557
14	103983
14	106967
14	107458
14	111002
14	111367
14	112777
14	113603
14	114689
14	114816
14	115656
14	120123
14	122529
14	124712
14	126101
14	126419
14	130263
14	131046
14	131638
14	133369
14	135625
14	137164
14	137236
14	137730
14	138959
14	141675
14	141972
14	142735
14	143148
14	145259
14	146321
14	146665
14	147099
14	147635
14	150377
14	151893
14	152123
14	152863
14	154138
14	154790
14	157880
14	158243
14	159626
14	159903
14	160946
14	161393
14	161500
14	162006
14	162153
14	163289
14	163599
14	164095
14	166068
14	166529
14	166596
14	166838
14	167139
14	169157
14	171848
14	175612
14	175996
14	176942
14	177259
14	178127
14	178620
14	179009
14	179412
14	180135
14	182528
14	185067
14	185276
14	185814
14	186330
14	189496
14	189608
14	191746
14	191986
14	192169
14	195613
14	196967
14	197484
14	197958
14	198086
14	199735
14	199831
14	201458
14	202484
14	202951
14	202967
14	203652
14	203926
14	206972
14	207332
14	207807
14	209139
14	209711
14	214638
14	216151
14	217776
14	218904
14	226203
14	228856
14	231027
14	231625
14	234068
14	234325
14	235485
14	235623
14	235713
14	238634
14	238644
14	238817
14	240384
14	242246
14	242606
14	244439
14	245093
14	245831
14	246061
14	246211
14	246262
14	247134
14	247536
14	248222
14	250103
14	253769
14	256077
14	257414
14	257715
14	261165
14	261524
14	261806
14	261865
14	262693
14	264814
14	265279
14	266608
14	268119
14	269707
14	269891
14	273941
14	273972
14	274939
14	276199
14	277273
14	281491
14	283098
14	283406
14	283462
14	284333
14	285732
14	286102
14	286638
14	287184
14	287731
14	288174
14	289758
14	291512
14	293651
14	295685
14	297729
14	298674
14	301052
14	302419
14	302875
14	306736
14	310042
14	310333
14	311163
14	311769
14	316677
14	317307
14	317666
14	320499
14	322484
14	323068
14	325358
14	326764
14	327620
14	329305
14	329720
14	329919
14	330197
14	330579
14	330788
14	333360
14	333692
14	334979
14	338119
14	338173
14	340504
14	341879
14	342751
14	342833
14	345449
14	345701
14	346124
14	349083
14	349831
14	349846
14	350789
14	352624
14	352689
14	352963
14	353259
14	353297
14	353336
14	356864
14	357255
14	358253
14	359138
14	360563
14	362072
14	364740
14	365288
14	366281
14	367477
14	367916
14	369140
14	369705
14	370317
14	370665
14	371789
14	371945
14	373498
14	373650
14	373918
14	374740
14	376237
14	381211
14	381820
14	382168
14	384989
14	385379
14	386628
14	387368
14	387611
14	390406
14	391600
14	393342
14	396126
14	399259
14	399392
14	401252
14	402097
14	404104
14	404123
14	404602
14	404846
14	410092
14	411541
14	412132
14	412535
14	413559
14	413873
14	415507
14	415986
14	417814
14	418267
14	420375
14	421149
14	422934
14	423993
14	424923
14	425824
14	428272
14	430093
14	430216
14	430690
14	430886
14	432301
14	433809
14	438114
14	439058
14	442177
14	443065
14	444443
14	444871
14	445150
14	447940
14	448688
14	450322
14	450621
14	450774
14	450979
14	451335
14	453853
14	453862
14	454240
14	454269
14	455898
14	456192
14	457225
14	457325
14	457722
14	458786
14	459229
14	459340
14	460673
14	460731
14	460982
14	462792
14	464776
14	466492
14	466927
14	467460
14	469242
14	469383
14	470944
14	472373
14	474217
14	475429
14	475532
14	475748
14	476608
14	477498
14	479618
14	480097
14	480184
14	481177
14	485357
14	485704
14	489110
14	492508
14	493640
14	495812
14	496006
14	496383
14	497925
14	500424
14	501971
14	502078
14	502640
14	502979
14	503227
14	504815
14	508619
14	509658
14	511193
14	512533
14	513162
14	513536
14	513967
14	522130
14	523645
14	523892
14	525414
14	528443
14	529226
14	529687
14	531079
14	532390
14	534761
14	534889
14	534990
14	535592
14	536748
14	537740
14	537920
14	539455
14	543169
14	544377
14	544400
14	544653
14	547394
14	550174
14	551443
14	552480
14	552712
14	553503
14	553689
14	554705
14	554869
14	556078
14	557492
14	561142
14	561273
14	563537
14	563754
14	564263
14	564799
14	566002
14	566783
14	567030
14	568551
14	569044
14	570140
14	571459
14	571733
14	572994
14	574337
14	574665
14	575464
14	577298
14	577569
14	579691
14	580105
14	581776
14	582176
14	582839
14	582949
14	586660
14	587825
14	589337
14	591713
14	593495
14	596223
14	596259
14	596627
14	600895
14	603818
14	604789
14	605718
14	606166
14	608239
14	608475
14	610618
14	611096
14	612488
14	612562
14	612807
14	614552
14	616646
14	617680
14	617760
14	617928
14	618634
14	618864
14	622815
14	623936
14	626373
14	628908
14	629111
14	629638
14	631965
14	633232
14	633923
14	633995
14	634570
14	635251
14	636615
14	638162
14	638210
14	638845
14	639302
14	640780
14	642969
14	643003
14	644076
14	644453
14	645038
14	645232
14	645302
14	645706
14	646490
14	647567
14	649138
14	649370
14	649822
14	649973
14	653129
14	653517
14	656621
14	656916
14	658026
14	658471
14	659959
14	660856
14	661019
14	661449
14	662163
14	662633
14	663901
14	664233
14	666412
14	666712
14	667462
14	668917
14	670639
14	670823
14	670951
14	673351
14	674955
14	675135
14	675345
14	677490
14	677853
14	680230
14	682358
14	683088
14	683496
14	685265
14	686142
14	686231
14	687208
14	687521
14	689310
14	689433
14	690513
14	692253
14	693518
14	693963
14	694267
14	696447
14	697241
14	697551
14	699850
14	699906
14	700017
14	700947
14	701739
14	704351
14	704680
14	704968
14	705350
14	705524
14	705575
14	705840
14	706556
14	707005
14	707876
14	708525
14	708869
14	710352
14	710728
14	711218
14	712338
14	712852
14	712880
14	713634
14	714069
14	714108
14	714476
14	716130
14	716207
14	716458
14	716844
14	717361
14	718488
14	719086
14	719788
14	721739
14	722175
14	722491
14	722607
14	723267
14	724641
14	727178
14	728222
14	729805
14	732423
14	732810
14	734333
14	734487
14	736779
14	737383
14	742660
14	744700
14	744755
14	746765
14	747322
14	748572
14	750144
14	751185
14	752012
14	752861
14	753526
14	755634
14	756236
14	757241
14	758204
14	758512
14	762994
14	763233
14	765242
14	765419
14	766833
14	766862
14	768052
14	769992
14	770966
14	774023
14	774262
14	775110
14	775334
14	776438
14	776978
14	777397
14	778291
14	778369
14	780932
15	4365
15	4868
15	5591
15	8525
15	9451
15	12945
15	17910
15	19056
15	20714
15	21656
15	22695
15	24709
15	25502
15	25716
15	26340
15	26647
15	26985
15	28771
15	29095
15	32167
15	32399
15	34487
15	34963
15	38097
15	39659
15	41511
15	46347
15	46358
15	46715
15	47035
15	47998
15	48921
15	49539
15	49995
15	52782
15	56826
15	58245
15	58365
15	58373
15	59247
15	59410
15	59500
15	66202
15	66803
15	69063
15	70498
15	75555
15	75755
15	76211
15	76946
15	78231
15	78930
15	79902
15	80516
15	81174
15	81315
15	83116
15	84195
15	85719
15	86888
15	86920
15	89357
15	91049
15	91391
15	91999
15	97907
15	99737
15	100927
15	101130
15	101398
15	102027
15	103330
15	104088
15	108701
15	108802
15	109447
15	110771
15	111041
15	112247
15	116373
15	116577
15	118530
15	118737
15	119622
15	121302
15	122349
15	122659
15	123941
15	125993
15	130305
15	132567
15	137373
15	138170
15	141951
15	142332
15	143205
15	145408
15	145863
15	145916
15	146299
15	147427
15	147551
15	148414
15	149526
15	150734
15	150840
15	151070
15	152535
15	153809
15	154255
15	154696
15	155856
15	156756
15	165653
15	167659
15	167885
15	168872
15	171511
15	172280
15	177090
15	178274
15	179115
15	179180
15	179631
15	180670
15	180693
15	181806
15	183085
15	183088
15	186076
15	186231
15	186344
15	186972
15	187809
15	189535
15	190193
15	190519
15	190530
15	191627
15	196111
15	202896
15	203546
15	204290
15	205004
15	205198
15	205461
15	205666
15	205675
15	206990
15	207805
15	208167
15	208813
15	209539
15	209715
15	209806
15	213762
15	213782
15	216385
15	217085
15	220697
15	221828
15	222841
15	222888
15	223058
15	223129
15	223481
15	226628
15	228934
15	229611
15	233522
15	236052
15	239939
15	239984
15	241172
15	241283
15	243224
15	243723
15	244757
15	245555
15	245580
15	246510
15	247001
15	247437
15	249749
15	251793
15	254466
15	254914
15	255332
15	256438
15	257920
15	264138
15	265136
15	266898
15	267353
15	267885
15	270343
15	271654
15	272990
15	275118
15	276413
15	277991
15	280527
15	280641
15	282728
15	284552
15	287758
15	288348
15	288609
15	288696
15	290050
15	290635
15	290643
15	290856
15	293203
15	293938
15	294053
15	294066
15	296015
15	296491
15	298350
15	298366
15	298941
15	299519
15	300112
15	301344
15	301826
15	302909
15	303463
15	303805
15	304585
15	307690
15	309073
15	310328
15	310361
15	310418
15	311118
15	312771
15	314417
15	316189
15	316411
15	318749
15	320441
15	321492
15	324739
15	325093
15	325268
15	331732
15	336533
15	337489
15	339159
15	339286
15	339554
15	340970
15	341023
15	343975
15	345286
15	349258
15	352376
15	352597
15	354017
15	354565
15	355667
15	355879
15	356783
15	359439
15	360379
15	360616
15	364709
15	367095
15	367325
15	368525
15	368563
15	369159
15	371850
15	372078
15	373093
15	373314
15	374981
15	375287
15	377474
15	378748
15	383142
15	384874
15	385290
15	386845
15	387569
15	387737
15	388881
15	392135
15	393168
15	394435
15	398078
15	399868
15	401948
15	402091
15	402351
15	402553
15	404830
15	405079
15	407381
15	408096
15	408451
15	409786
15	411292
15	412126
15	413504
15	416701
15	417141
15	417876
15	419460
15	420660
15	421517
15	421706
15	422296
15	424662
15	425374
15	425760
15	428354
15	429870
15	431516
15	432306
15	432422
15	433663
15	433932
15	434506
15	435037
15	435404
15	436932
15	438414
15	441930
15	442249
15	442595
15	443662
15	446491
15	448607
15	449552
15	451471
15	451597
15	453235
15	453406
15	454047
15	454078
15	454928
15	454974
15	455224
15	456150
15	458173
15	463170
15	464959
15	465937
15	466253
15	466455
15	469635
15	471499
15	472240
15	473476
15	474146
15	474334
15	475279
15	477297
15	477485
15	477629
15	478151
15	478929
15	484440
15	485164
15	485898
15	487673
15	488152
15	490285
15	491267
15	491279
15	492099
15	492144
15	493541
15	494252
15	497844
15	498030
15	498362
15	501299
15	501627
15	502353
15	503467
15	503925
15	507391
15	508687
15	508985
15	511194
15	511360
15	514008
15	514981
15	515054
15	517326
15	521377
15	521941
15	523055
15	524272
15	525473
15	525485
15	525585
15	526706
15	526977
15	529156
15	529497
15	530372
15	531430
15	531796
15	532369
15	533324
15	533459
15	533827
15	534647
15	535317
15	537624
15	538401
15	542549
15	542809
15	542974
15	543877
15	544011
15	544290
15	546498
15	548974
15	549500
15	549573
15	550012
15	550345
15	550679
15	551569
15	553272
15	553306
15	553645
15	554494
15	554906
15	556185
15	556690
15	556912
15	557328
15	558414
15	559889
15	560773
15	560790
15	561003
15	561903
15	562457
15	562881
15	564455
15	566415
15	566957
15	567237
15	567312
15	569557
15	570716
15	571482
15	571963
15	572836
15	575471
15	576378
15	578229
15	580635
15	581791
15	583685
15	583748
15	585676
15	588086
15	589044
15	592467
15	592528
15	593501
15	594833
15	595269
15	597446
15	598189
15	600691
15	602291
15	603260
15	608267
15	608416
15	610032
15	612957
15	615315
15	617292
15	617896
15	619471
15	620238
15	620849
15	624375
15	624744
15	625755
15	626001
15	626138
15	626424
15	629768
15	632384
15	632810
15	634742
15	635690
15	637489
15	637762
15	638315
15	640673
15	642206
15	643412
15	644067
15	647727
15	648082
15	648511
15	648995
15	649547
15	649957
15	650929
15	651525
15	652042
15	652662
15	654125
15	655193
15	656327
15	656783
15	657171
15	657408
15	660255
15	660618
15	661060
15	661435
15	661440
15	661715
15	663420
15	663453
15	665045
15	666254
15	668859
15	670565
15	670576
15	673241
15	675851
15	676405
15	680907
15	682415
15	683018
15	683872
15	684249
15	687059
15	687373
15	689747
15	690258
15	690841
15	691056
15	694873
15	695087
15	696099
15	696918
15	696953
15	697271
15	697612
15	697751
15	698822
15	702208
15	702675
15	703296
15	705478
15	705934
15	707131
15	708495
15	709938
15	710422
15	710529
15	710910
15	714709
15	714884
15	716265
15	718151
15	719372
15	719444
15	720174
15	720909
15	721024
15	722026
15	722920
15	722946
15	723759
15	724138
15	727965
15	728558
15	728736
15	729989
15	731307
15	731591
15	735901
15	737546
15	739467
15	740699
15	742568
15	742596
15	746542
15	748588
15	750533
15	754468
15	758237
15	758422
15	759294
15	759813
15	762206
15	762337
15	763953
15	765233
15	765699
15	766573
15	766634
15	767104
15	767830
15	770339
15	770419
15	770814
15	771579
15	774469
15	776593
15	777469
15	778213
15	778291
15	781395
15	782425
15	782732
15	785528
15	787758
15	787969
15	789310
15	790353
15	790830
15	791633
15	792856
15	793682
15	796633
15	796879
15	797175
15	799976
15	800401
15	807042
15	807405
15	810401
15	811616
15	811839
15	813037
15	813173
15	813493
15	816303
15	817380
15	819138
15	820027
15	820536
15	820867
15	824903
15	826948
15	829213
15	830469
15	831687
15	832530
15	834305
15	834711
15	835443
15	835939
15	836856
15	837480
15	839870
15	841841
15	843204
15	843654
15	844798
15	848417
15	848952
15	849134
15	853115
15	853685
15	854344
15	854391
15	855495
15	857880
15	858790
15	858892
15	863188
15	864663
15	865614
15	872560
15	873824
15	875275
15	875851
15	876649
15	878308
15	879113
15	884711
15	885317
15	886181
15	886370
15	887719
15	890396
15	890837
15	891468
15	892379
15	894618
15	895260
15	895673
15	901021
15	904281
15	904973
15	905789
15	905970
15	906629
15	906708
15	908485
15	908923
15	911701
15	912148
15	912301
15	912794
15	915606
15	917588
15	919165
15	921084
15	923178
15	925268
15	925441
15	925662
15	926118
15	927886
15	928359
15	928410
15	928519
15	931919
15	932243
15	932271
15	932651
15	934157
15	934654
15	935173
15	936133
15	936673
15	937258
15	938272
15	939198
15	939696
15	940244
15	943565
15	943827
15	943852
15	944148
15	944767
15	944808
15	944838
15	945726
15	946977
15	949109
15	949416
15	950668
15	951715
15	952309
15	953893
15	954629
15	954903
15	956200
15	956238
15	957183
15	958046
15	959126
15	959995
15	962107
15	965060
15	966048
15	967811
15	969881
15	972257
15	976567
15	977430
15	979728
15	980753
15	981519
15	983150
15	984150
15	985884
15	986245
15	987100
15	988986
15	989336
15	990283
15	991762
15	991880
15	993310
15	994146
15	996253
15	997274
15	999220
15	999384
15	999937
15	1000677
15	1004161
15	1005988
15	1006032
15	1009047
15	1009974
15	1010008
15	1011841
15	1012712
15	1013275
15	1013388
15	1013842
15	1015705
15	1017311
15	1018405
15	1018934
15	1018976
15	1020057
15	1020060
15	1022213
15	1023684
15	1024093
15	1025623
15	1025940
15	1027131
15	1027187
15	1027210
15	1027329
15	1029149
15	1030786
15	1032678
15	1034872
15	1035072
15	1035472
15	1036198
15	1036991
15	1037382
15	1038824
15	1039665
15	1041815
15	1042192
15	1042392
15	1042876
15	1043341
15	1043695
15	1044598
15	1047833
15	1048066
15	1048245
15	1049683
15	1049882
15	1051681
15	1052028
15	1052959
15	1054757
15	1055941
15	1058538
15	1060295
15	1063208
15	1064653
15	1065525
15	1069298
15	1070784
15	1071643
15	1071973
15	1073198
15	1073408
15	1073434
15	1073580
15	1073800
15	1074439
15	1074485
15	1074577
15	1074682
15	1075459
15	1076418
15	1076530
15	1077044
15	1079559
15	1079738
15	1082028
15	1082949
15	1084476
15	1086112
15	1087340
16	3157
16	8168
16	8321
16	10408
16	11850
16	18417
16	18899
16	22983
16	23436
16	24558
16	25919
16	27988
16	33560
16	33607
16	34688
16	35294
16	35325
16	37751
16	38384
16	39068
16	39644
16	43624
16	44911
16	45210
16	45336
16	45606
16	48058
16	49252
16	49285
16	50133
16	50359
16	51865
16	53087
16	55459
16	57963
16	59974
16	60171
16	63000
16	64564
16	66129
16	67361
16	67380
16	68093
16	74106
16	74417
16	75311
16	78331
16	78512
16	78969
16	79751
16	82261
16	83246
16	83314
16	83367
16	87316
16	87663
16	91461
16	94122
16	96995
16	97839
16	97965
16	98848
16	100282
16	100678
16	101065
16	102694
16	102826
16	103197
16	103299
16	104566
16	104831
16	105506
16	106412
16	107574
16	107590
16	107758
16	108257
16	109654
16	110843
16	111612
16	112044
16	114189
16	118214
16	118579
16	120131
16	122896
16	123730
16	128191
16	128721
16	129307
16	129876
16	130580
16	130843
16	130895
16	131436
16	133368
16	133767
16	134505
16	137681
16	139244
16	140242
16	141186
16	143273
16	143861
16	144969
16	145539
16	146418
16	146455
16	147296
16	147466
16	149837
16	150153
16	153124
16	153921
16	154592
16	154850
16	155182
16	155881
16	155960
16	156091
16	157333
16	158785
16	159317
16	160030
16	160157
16	160324
16	160792
16	161711
16	161923
16	162119
16	165538
16	165769
16	166453
16	166988
16	170894
16	171434
16	172638
16	172990
16	173473
16	174996
16	176916
16	181331
16	181508
16	182102
16	182181
16	186375
16	189061
16	190051
16	190805
16	191235
16	192087
16	193432
16	195288
16	197528
16	197993
16	198687
16	199052
16	199829
16	201778
16	203558
16	203891
16	204453
16	205321
16	207643
16	208289
16	208425
16	208426
16	209058
16	209299
16	209975
16	211746
16	212023
16	218106
16	219231
16	223991
16	227416
16	228937
16	233697
16	237335
16	242361
16	243379
16	246035
16	247588
16	248899
16	249189
16	250863
16	251282
16	251795
16	251839
16	251942
16	254066
16	255458
16	255600
16	255933
16	256866
16	257237
16	257407
16	258592
16	258782
16	264060
16	266501
16	266789
16	268419
16	269358
16	269466
16	269622
16	272427
16	277430
16	277525
16	277868
16	278210
16	279747
16	280044
16	284124
16	284355
16	285832
16	288263
16	289485
16	289614
16	295017
16	295527
16	296202
16	299449
16	300146
16	301757
16	303362
16	303472
16	303844
16	303862
16	305343
16	305383
16	305505
16	309778
16	310924
16	311476
16	311901
16	315104
16	315529
16	316143
16	316340
16	317595
16	318232
16	318510
16	319340
16	321125
16	321180
16	323205
16	326787
16	327280
16	327919
16	329106
16	331706
16	332130
16	333045
16	335934
16	336417
16	336764
16	337426
16	338595
16	339320
16	339493
16	340876
16	341079
16	343790
16	344016
16	344214
16	344633
16	348124
16	348995
16	349065
16	349453
16	350969
16	351102
16	355139
16	355409
16	355526
16	355781
16	359273
16	359300
16	360991
16	361571
16	362525
16	362821
16	363157
16	363578
16	365767
16	366525
16	366903
16	367093
16	368575
16	368731
16	370841
16	371092
16	371771
16	371952
16	372843
16	373107
16	374173
16	375349
16	375470
16	375660
16	378311
16	380102
16	380134
16	381311
16	381571
16	382351
16	382572
16	384644
16	389644
16	391456
16	394655
16	398677
16	398964
16	400629
16	400893
16	401157
16	404054
16	405614
16	409212
16	411133
16	411527
16	411842
16	412176
16	412875
16	415812
16	416168
16	416196
16	418012
16	418593
16	426614
16	427878
16	429576
16	429636
16	431595
16	432250
16	433748
16	434410
16	434866
16	435769
16	438260
16	438626
16	439100
16	439590
16	440124
16	441727
16	441847
16	441967
16	443668
16	443938
16	444888
16	444985
16	445232
16	445927
16	449059
16	449626
16	449809
16	450316
16	451504
16	452843
16	455119
16	457466
16	458208
16	458303
16	459209
16	459506
16	461028
16	461757
16	462486
16	464778
16	464806
16	465982
16	466371
16	467259
16	471127
16	472112
16	475007
16	475268
16	478992
16	479342
16	486344
16	486411
16	486514
16	486852
16	487953
16	488557
16	488712
16	490001
16	490364
16	491197
16	493622
16	495001
16	495618
16	495764
16	496147
16	497613
16	498411
16	498944
16	499577
16	500106
16	501034
16	502137
16	504488
16	504497
16	505178
16	505299
16	505926
16	506690
16	509161
16	510030
16	511552
16	514882
16	516276
16	517381
16	518258
16	519653
16	520092
16	520168
16	521121
16	524561
16	525214
16	526447
16	530304
16	530628
16	531712
16	531950
16	533682
16	534907
16	536292
16	537532
16	541127
16	541145
16	542175
16	544083
16	544243
16	544310
16	544372
16	545280
16	545361
16	546435
16	546905
16	549847
16	550201
16	551416
16	551720
16	552875
16	555461
16	556397
16	557334
16	557520
16	557924
16	559454
16	560523
16	561820
16	561896
16	563291
16	567265
16	568388
16	570906
16	572483
16	573386
16	575055
16	576762
16	577544
16	580452
16	581257
16	582801
16	583675
16	583740
16	585343
16	585563
16	586119
16	587819
16	588016
16	588387
16	588990
16	589632
16	590838
16	593422
16	593574
16	593691
16	594138
16	594381
16	594857
16	595817
16	596945
16	597123
16	603087
16	603655
16	603792
16	603966
16	604106
16	605348
16	606623
16	609152
16	609432
16	611179
16	611416
16	611577
16	612092
16	612960
16	614256
16	614620
16	614648
16	615877
16	617281
16	618549
16	619385
16	620054
16	622694
16	622775
16	624662
16	624742
16	624983
16	627003
16	628360
16	629801
16	630440
16	633838
16	634112
16	634316
16	636753
16	638001
16	639308
16	642064
16	643791
16	644139
16	644867
16	645811
16	646958
16	649227
16	651689
16	652516
16	652887
16	653151
16	653808
16	653946
16	654559
16	656770
16	659008
16	661706
16	662377
16	662695
16	662872
16	663641
16	665167
16	665850
16	666225
16	668133
16	669938
16	669984
16	670317
16	674117
16	674349
16	675998
16	676108
16	677414
16	681600
16	682264
16	682460
16	686220
16	687177
16	687649
16	688848
16	689603
16	690897
16	692675
16	693859
16	695954
16	696256
16	700132
16	701839
16	702013
16	702432
16	703251
16	706108
16	706132
16	706332
16	706532
16	707495
16	713249
16	713828
16	713829
16	714872
16	715019
16	715061
16	715222
16	721120
16	723673
16	724093
16	724632
16	724734
16	728179
16	728840
16	730513
16	733703
16	733746
16	736487
16	737289
16	740057
16	743394
16	744141
16	744398
16	745847
16	746859
16	748539
16	748787
16	751707
16	754161
16	755461
16	756460
16	756487
16	756949
16	757132
16	757378
16	760382
16	761486
16	762120
16	763225
16	763354
16	764042
16	764671
16	766158
16	767083
16	767880
16	770365
16	771505
16	771684
16	771880
16	772157
16	772569
16	773769
16	774152
16	776994
16	778809
16	781655
16	782512
16	782763
16	783176
16	784165
16	784242
16	784513
16	784516
16	785730
16	785761
16	787236
16	788391
16	788651
16	790023
16	790519
16	790694
16	792857
16	793430
16	793431
16	794440
16	795760
16	798386
16	798541
16	800685
16	801192
16	801656
16	802253
16	803782
16	807166
16	807401
16	807444
16	807646
16	808248
16	808532
16	810557
16	810850
16	812364
16	813609
16	814234
16	814979
16	817965
16	820047
16	820646
16	821467
16	821902
16	822502
16	823421
16	823886
16	824943
16	825035
16	825095
16	826618
16	831116
16	831611
16	831910
16	832095
16	832371
16	833187
16	833333
16	835924
16	836522
16	837042
16	838226
16	838834
16	840011
16	840938
16	841497
16	844433
16	845054
16	845623
16	845643
16	845884
16	845985
16	848228
16	849445
16	849701
16	850379
16	854206
16	855096
16	855713
16	857638
16	859932
16	862873
16	865191
16	868646
16	869533
16	870016
16	873391
16	873631
16	873674
16	874388
16	876158
16	877897
16	878322
16	878657
16	881300
16	884231
16	884393
16	884987
16	887107
16	888159
16	889015
16	891895
16	891996
16	892393
16	892498
16	894290
16	895273
16	896474
16	896772
16	897324
16	899632
16	899704
16	899720
16	902193
16	909390
16	910430
16	910950
16	911167
16	911239
16	913916
16	916462
16	922578
16	922895
16	923761
16	924781
16	926991
16	927384
16	927562
16	928225
16	929390
16	930315
16	931687
16	932151
16	935632
16	937031
16	937315
16	938207
16	938255
16	940088
16	940379
16	943237
17	3623
17	5873
17	6308
17	7791
17	8961
17	9858
17	10671
17	12537
17	14698
17	14950
17	17228
17	17658
17	19256
17	20186
17	20238
17	20344
17	20703
17	22555
17	24934
17	25789
17	27505
17	27734
17	27917
17	28104
17	28192
17	31977
17	33893
17	34112
17	34503
17	36686
17	37800
17	38092
17	38710
17	40854
17	43454
17	46471
17	46481
17	46502
17	46785
17	49249
17	49912
17	50144
17	51529
17	52404
17	53867
17	57049
17	57178
17	60983
17	61196
17	64805
17	66188
17	72762
17	72789
17	76031
17	77957
17	82458
